Key: conv3d_1/conv3d_1/kernel:0
Value shape: (1, 3, 3, 3, 16)
Value:
[[[[[ 2.79881448e-01 -6.50480539e-02 -2.12280214e-01 -4.75951165e-01
      7.91087747e-02  3.16049516e-01 -4.08359110e-01 -2.14232072e-01
      2.69034535e-01  5.15681863e-01  1.20128199e-01  1.71292294e-02
      4.32995796e-01 -2.34135866e-01  6.07332913e-04 -5.41793525e-01]
    [ 2.32344911e-01  1.70145169e-01 -2.80314952e-01  2.28948683e-01
     -1.35164578e-02 -6.89528286e-02  1.52228549e-01  1.77192062e-01
      9.58272442e-02  3.73230308e-01 -1.08155899e-01  1.28322884e-01
     -1.92733854e-01 -3.58076468e-02  1.27800062e-01  1.55872395e-02]
    [-3.41428995e-01  4.57191020e-02  4.10812758e-02 -8.80254339e-03
      1.80786178e-01 -5.90347722e-02 -4.56533849e-01 -4.03916925e-01
     -4.23309058e-02 -1.50917023e-01  3.96955222e-01  1.07537076e-01
      2.75871456e-01  3.20140064e-01  2.83810258e-01 -6.38908595e-02]]

   [[ 4.37848955e-01 -5.73158674e-02  3.99942458e-01  2.73768790e-02
     -1.93793893e-01  1.33813336e-01  1.56903967e-01  6.06163852e-02
      3.93515199e-01 -2.36057520e-01  3.41402113e-01 -2.12726682e-01
      6.34194911e-02 -2.64476955e-01  5.08704841e-01  7.38880411e-02]
    [-4.03354228e-01  2.79930979e-01 -2.66870052e-01 -1.54043421e-01
      4.63782609e-01  1.63309872e-01 -2.72025257e-01 -7.08484352e-02
      2.47044444e-01 -4.86605078e-01 -1.43462539e-01 -2.90958315e-01
     -4.25195843e-01 -1.31163090e-01 -1.01552181e-01  4.67051774e-01]
    [-1.39606014e-01 -1.14403833e-02 -1.75412998e-01 -1.04779050e-01
      2.74350524e-01  7.17521906e-02  2.92710871e-01 -4.25764732e-02
     -2.68719822e-01  2.25676805e-01  1.41596422e-01 -1.85977250e-01
      6.04623437e-01 -3.47241806e-03 -4.00098749e-02 -2.44396642e-01]]

   [[ 3.32262337e-01  1.66501880e-01 -3.52936447e-01  3.73819202e-01
     -5.61441705e-02  7.83057883e-02  4.67845052e-01 -3.27944160e-02
     -4.24328983e-01 -3.86800885e-01  3.08120519e-01 -1.28424853e-01
     -2.47619480e-01  4.29476857e-01 -4.51618493e-01  2.72948235e-01]
    [ 2.74573714e-01 -2.85844356e-01 -4.91244406e-01 -2.55115509e-01
      1.55982273e-02  2.91478962e-01 -8.56699515e-03 -1.44130275e-01
     -3.19979548e-01  2.73629874e-01  5.81625879e-01  3.22551966e-01
      2.40702629e-01 -1.06742606e-01 -3.11380327e-01 -1.42261580e-01]
    [ 7.89557174e-02  3.20972949e-02 -2.11293340e-01 -1.56469986e-01
     -4.57382679e-01 -1.40136510e-01  6.09988391e-01 -1.86872199e-01
      3.59557956e-01  8.06606561e-02 -4.66699421e-01  1.82298541e-01
     -3.79092157e-01 -5.02137542e-01  1.84889868e-01  2.12337121e-01]]]


  [[[ 6.10845722e-02  1.17402695e-01  1.21081341e-02  3.32189584e-03
     -1.19132556e-01 -3.66635509e-02  1.85480386e-01  3.96395832e-01
      6.58271983e-02  1.61117204e-02  1.87535301e-01  3.01436722e-01
      1.08661577e-01 -3.19790572e-01 -2.51119398e-02  2.42386833e-01]
    [-1.68641642e-01 -2.14097336e-01 -7.88821802e-02  1.50326967e-01
      6.12412930e-01  5.76289773e-01 -5.23788929e-01  3.42262015e-02
     -3.96335423e-01  1.95581868e-01 -5.40367723e-01  3.30860108e-01
      4.91221637e-01  1.48261771e-01 -2.35314652e-01 -1.99281558e-01]
    [-4.64744419e-01  1.20507620e-01 -1.41567737e-01  5.35645664e-01
     -3.56012464e-01 -3.40490818e-01  3.91837150e-01 -3.39548811e-02
      6.33132935e-01  1.01120219e-01  4.27004308e-01 -4.93627101e-01
      2.51406729e-01  8.42921659e-02  4.61380392e-01 -1.14204757e-01]]

   [[-2.97472775e-01 -9.32497010e-02  7.82822957e-04 -1.43557832e-01
     -3.32287513e-02 -5.37765324e-01  2.62605488e-01 -4.44323480e-01
      2.61654500e-02  8.41387212e-02  5.07488906e-01 -4.42944407e-01
      2.75719464e-01 -2.09750056e-01 -2.41477370e-01  1.70651242e-01]
    [ 9.47275683e-02 -2.34869808e-01  1.57507256e-01 -5.46212010e-02
     -4.26325917e-01 -2.57675320e-01  1.75472364e-01 -6.70111999e-02
     -2.81257123e-01 -2.60892868e-01  7.47810900e-02 -2.66581237e-01
     -1.21689580e-01  8.43671784e-02  1.11370139e-01 -1.65180430e-01]
    [-4.12747897e-02  4.75730926e-01  1.51764989e-01 -3.14413816e-01
      5.93702734e-01 -3.47997218e-01 -1.65810838e-01 -4.04844105e-01
     -1.19003624e-01  1.05594657e-01  2.90121615e-01 -4.34489727e-01
     -1.95287004e-01  3.46388519e-02 -3.07358563e-01  1.04332082e-01]]

   [[-1.61977977e-01 -1.79800600e-01 -1.20374218e-01  6.64920136e-02
      2.95880642e-02  1.64682567e-02 -5.22902787e-01 -3.18617046e-01
      4.06970866e-02  2.37382933e-01  2.15047941e-01 -3.50634485e-01
      5.18414117e-02 -2.80481964e-01 -2.58042872e-01  6.35016412e-02]
    [-1.86568990e-01 -5.89457192e-02  1.94565415e-01  1.09600201e-01
     -5.11990190e-01  1.66579962e-01  8.87286291e-02  2.25474499e-02
     -1.56469822e-01  4.03197438e-01  1.09678246e-01 -5.21023214e-01
     -2.78697126e-02 -1.92862988e-01 -9.28380340e-02  1.46147802e-01]
    [ 2.07934365e-01  2.06503257e-01 -4.22597140e-01  3.39297861e-01
      1.92338943e-01 -2.29307041e-01 -3.71272452e-02 -1.60185888e-01
     -9.01001245e-02 -2.24443879e-02 -8.01969394e-02 -2.10249089e-02
     -3.05083066e-01 -3.52193087e-01 -2.57518470e-01 -6.50963709e-02]]]


  [[[ 1.33956775e-01 -2.50861317e-01 -1.58546194e-01 -2.93994784e-01
      2.75992826e-02 -1.31973490e-01  1.96981966e-01 -1.62449688e-01
      1.71466306e-01  2.89363146e-01 -1.54748723e-01 -4.17959183e-01
      5.12160420e-01 -1.81365013e-01 -7.85424858e-02  3.93143833e-01]
    [-2.61937737e-01 -2.28432328e-01  5.28807603e-02 -9.32863951e-02
     -3.02008629e-01  3.34533900e-02 -2.39952043e-01 -3.47534120e-01
     -1.67739570e-01 -5.20249009e-01 -3.62174839e-01 -4.12957639e-01
      1.85051233e-01 -3.91411960e-01 -1.61008239e-01 -5.86244278e-02]
    [-2.77506888e-01  2.21958846e-01  3.57185006e-01  2.54192531e-01
      1.68090090e-01  2.40931451e-01  3.27012658e-01 -2.20733598e-01
     -1.99011132e-01  4.99375671e-01  3.54048193e-01 -4.51631039e-01
      2.08336860e-01  5.72002769e-01 -5.05934894e-01  5.36548831e-02]]

   [[-1.27165601e-01 -2.59771831e-02 -2.90941358e-01 -3.78564626e-01
      2.82074004e-01  5.33663481e-02  1.11399898e-02 -3.68193358e-01
     -2.01183162e-03  2.95918435e-02 -1.18603349e-01  3.07534963e-01
     -2.61484295e-01  3.64770681e-01  5.29938564e-02 -1.98053807e-01]
    [ 1.85178086e-01 -3.30002867e-02 -1.95968766e-02 -1.88634515e-01
      4.59929615e-01  6.33122861e-01 -1.66114062e-01 -8.93630311e-02
     -9.70619023e-02  1.83422357e-01  2.67015040e-01  1.06415227e-01
     -2.63848662e-01 -4.39122587e-01  2.14146897e-02  9.15703475e-02]
    [-3.23050827e-01 -2.95698136e-01  1.98093727e-01  6.70933351e-02
      3.14719737e-01  9.61805731e-02  3.50931346e-01 -1.57143280e-01
     -3.69454890e-01 -2.78435647e-01 -3.46300513e-01  3.43429632e-02
      1.45170003e-01  1.30423337e-01  2.09098458e-01 -1.33438811e-01]]

   [[ 4.53458160e-01 -5.68660721e-02  6.17506266e-01 -1.58123314e-01
      1.79777518e-01 -2.00028792e-02  3.67732644e-01  1.55304834e-01
     -1.23215951e-01  2.75249362e-01 -4.81075197e-02 -1.48016632e-01
      2.77485013e-01  2.35857338e-01  3.02338988e-01 -5.74588239e-01]
    [-1.29984975e-01  1.93120122e-01 -1.22558229e-01 -2.48477891e-01
      8.57892707e-02  1.49573267e-01  3.07285190e-01 -7.49309827e-03
     -4.61003363e-01  3.15502845e-02 -3.53657454e-01 -4.54258770e-02
     -3.62886727e-01 -5.03442250e-02 -5.02556205e-01  2.09829107e-01]
    [ 1.74034283e-01 -1.10124461e-01 -1.51458427e-01  3.75109524e-01
      9.64258462e-02  4.94634062e-02 -1.69948742e-01 -2.98374116e-01
     -2.41262779e-01  1.50567219e-01  1.89203858e-01  3.18438143e-01
     -3.61871362e-01 -2.17502728e-01 -5.82877815e-01  2.56920815e-01]]]]]
Flattened value shape: (27, 16)
Flattened value:
[[ 2.79881448e-01 -6.50480539e-02 -2.12280214e-01 -4.75951165e-01
   7.91087747e-02  3.16049516e-01 -4.08359110e-01 -2.14232072e-01
   2.69034535e-01  5.15681863e-01  1.20128199e-01  1.71292294e-02
   4.32995796e-01 -2.34135866e-01  6.07332913e-04 -5.41793525e-01]
 [ 2.32344911e-01  1.70145169e-01 -2.80314952e-01  2.28948683e-01
  -1.35164578e-02 -6.89528286e-02  1.52228549e-01  1.77192062e-01
   9.58272442e-02  3.73230308e-01 -1.08155899e-01  1.28322884e-01
  -1.92733854e-01 -3.58076468e-02  1.27800062e-01  1.55872395e-02]
 [-3.41428995e-01  4.57191020e-02  4.10812758e-02 -8.80254339e-03
   1.80786178e-01 -5.90347722e-02 -4.56533849e-01 -4.03916925e-01
  -4.23309058e-02 -1.50917023e-01  3.96955222e-01  1.07537076e-01
   2.75871456e-01  3.20140064e-01  2.83810258e-01 -6.38908595e-02]
 [ 4.37848955e-01 -5.73158674e-02  3.99942458e-01  2.73768790e-02
  -1.93793893e-01  1.33813336e-01  1.56903967e-01  6.06163852e-02
   3.93515199e-01 -2.36057520e-01  3.41402113e-01 -2.12726682e-01
   6.34194911e-02 -2.64476955e-01  5.08704841e-01  7.38880411e-02]
 [-4.03354228e-01  2.79930979e-01 -2.66870052e-01 -1.54043421e-01
   4.63782609e-01  1.63309872e-01 -2.72025257e-01 -7.08484352e-02
   2.47044444e-01 -4.86605078e-01 -1.43462539e-01 -2.90958315e-01
  -4.25195843e-01 -1.31163090e-01 -1.01552181e-01  4.67051774e-01]
 [-1.39606014e-01 -1.14403833e-02 -1.75412998e-01 -1.04779050e-01
   2.74350524e-01  7.17521906e-02  2.92710871e-01 -4.25764732e-02
  -2.68719822e-01  2.25676805e-01  1.41596422e-01 -1.85977250e-01
   6.04623437e-01 -3.47241806e-03 -4.00098749e-02 -2.44396642e-01]
 [ 3.32262337e-01  1.66501880e-01 -3.52936447e-01  3.73819202e-01
  -5.61441705e-02  7.83057883e-02  4.67845052e-01 -3.27944160e-02
  -4.24328983e-01 -3.86800885e-01  3.08120519e-01 -1.28424853e-01
  -2.47619480e-01  4.29476857e-01 -4.51618493e-01  2.72948235e-01]
 [ 2.74573714e-01 -2.85844356e-01 -4.91244406e-01 -2.55115509e-01
   1.55982273e-02  2.91478962e-01 -8.56699515e-03 -1.44130275e-01
  -3.19979548e-01  2.73629874e-01  5.81625879e-01  3.22551966e-01
   2.40702629e-01 -1.06742606e-01 -3.11380327e-01 -1.42261580e-01]
 [ 7.89557174e-02  3.20972949e-02 -2.11293340e-01 -1.56469986e-01
  -4.57382679e-01 -1.40136510e-01  6.09988391e-01 -1.86872199e-01
   3.59557956e-01  8.06606561e-02 -4.66699421e-01  1.82298541e-01
  -3.79092157e-01 -5.02137542e-01  1.84889868e-01  2.12337121e-01]
 [ 6.10845722e-02  1.17402695e-01  1.21081341e-02  3.32189584e-03
  -1.19132556e-01 -3.66635509e-02  1.85480386e-01  3.96395832e-01
   6.58271983e-02  1.61117204e-02  1.87535301e-01  3.01436722e-01
   1.08661577e-01 -3.19790572e-01 -2.51119398e-02  2.42386833e-01]
 [-1.68641642e-01 -2.14097336e-01 -7.88821802e-02  1.50326967e-01
   6.12412930e-01  5.76289773e-01 -5.23788929e-01  3.42262015e-02
  -3.96335423e-01  1.95581868e-01 -5.40367723e-01  3.30860108e-01
   4.91221637e-01  1.48261771e-01 -2.35314652e-01 -1.99281558e-01]
 [-4.64744419e-01  1.20507620e-01 -1.41567737e-01  5.35645664e-01
  -3.56012464e-01 -3.40490818e-01  3.91837150e-01 -3.39548811e-02
   6.33132935e-01  1.01120219e-01  4.27004308e-01 -4.93627101e-01
   2.51406729e-01  8.42921659e-02  4.61380392e-01 -1.14204757e-01]
 [-2.97472775e-01 -9.32497010e-02  7.82822957e-04 -1.43557832e-01
  -3.32287513e-02 -5.37765324e-01  2.62605488e-01 -4.44323480e-01
   2.61654500e-02  8.41387212e-02  5.07488906e-01 -4.42944407e-01
   2.75719464e-01 -2.09750056e-01 -2.41477370e-01  1.70651242e-01]
 [ 9.47275683e-02 -2.34869808e-01  1.57507256e-01 -5.46212010e-02
  -4.26325917e-01 -2.57675320e-01  1.75472364e-01 -6.70111999e-02
  -2.81257123e-01 -2.60892868e-01  7.47810900e-02 -2.66581237e-01
  -1.21689580e-01  8.43671784e-02  1.11370139e-01 -1.65180430e-01]
 [-4.12747897e-02  4.75730926e-01  1.51764989e-01 -3.14413816e-01
   5.93702734e-01 -3.47997218e-01 -1.65810838e-01 -4.04844105e-01
  -1.19003624e-01  1.05594657e-01  2.90121615e-01 -4.34489727e-01
  -1.95287004e-01  3.46388519e-02 -3.07358563e-01  1.04332082e-01]
 [-1.61977977e-01 -1.79800600e-01 -1.20374218e-01  6.64920136e-02
   2.95880642e-02  1.64682567e-02 -5.22902787e-01 -3.18617046e-01
   4.06970866e-02  2.37382933e-01  2.15047941e-01 -3.50634485e-01
   5.18414117e-02 -2.80481964e-01 -2.58042872e-01  6.35016412e-02]
 [-1.86568990e-01 -5.89457192e-02  1.94565415e-01  1.09600201e-01
  -5.11990190e-01  1.66579962e-01  8.87286291e-02  2.25474499e-02
  -1.56469822e-01  4.03197438e-01  1.09678246e-01 -5.21023214e-01
  -2.78697126e-02 -1.92862988e-01 -9.28380340e-02  1.46147802e-01]
 [ 2.07934365e-01  2.06503257e-01 -4.22597140e-01  3.39297861e-01
   1.92338943e-01 -2.29307041e-01 -3.71272452e-02 -1.60185888e-01
  -9.01001245e-02 -2.24443879e-02 -8.01969394e-02 -2.10249089e-02
  -3.05083066e-01 -3.52193087e-01 -2.57518470e-01 -6.50963709e-02]
 [ 1.33956775e-01 -2.50861317e-01 -1.58546194e-01 -2.93994784e-01
   2.75992826e-02 -1.31973490e-01  1.96981966e-01 -1.62449688e-01
   1.71466306e-01  2.89363146e-01 -1.54748723e-01 -4.17959183e-01
   5.12160420e-01 -1.81365013e-01 -7.85424858e-02  3.93143833e-01]
 [-2.61937737e-01 -2.28432328e-01  5.28807603e-02 -9.32863951e-02
  -3.02008629e-01  3.34533900e-02 -2.39952043e-01 -3.47534120e-01
  -1.67739570e-01 -5.20249009e-01 -3.62174839e-01 -4.12957639e-01
   1.85051233e-01 -3.91411960e-01 -1.61008239e-01 -5.86244278e-02]
 [-2.77506888e-01  2.21958846e-01  3.57185006e-01  2.54192531e-01
   1.68090090e-01  2.40931451e-01  3.27012658e-01 -2.20733598e-01
  -1.99011132e-01  4.99375671e-01  3.54048193e-01 -4.51631039e-01
   2.08336860e-01  5.72002769e-01 -5.05934894e-01  5.36548831e-02]
 [-1.27165601e-01 -2.59771831e-02 -2.90941358e-01 -3.78564626e-01
   2.82074004e-01  5.33663481e-02  1.11399898e-02 -3.68193358e-01
  -2.01183162e-03  2.95918435e-02 -1.18603349e-01  3.07534963e-01
  -2.61484295e-01  3.64770681e-01  5.29938564e-02 -1.98053807e-01]
 [ 1.85178086e-01 -3.30002867e-02 -1.95968766e-02 -1.88634515e-01
   4.59929615e-01  6.33122861e-01 -1.66114062e-01 -8.93630311e-02
  -9.70619023e-02  1.83422357e-01  2.67015040e-01  1.06415227e-01
  -2.63848662e-01 -4.39122587e-01  2.14146897e-02  9.15703475e-02]
 [-3.23050827e-01 -2.95698136e-01  1.98093727e-01  6.70933351e-02
   3.14719737e-01  9.61805731e-02  3.50931346e-01 -1.57143280e-01
  -3.69454890e-01 -2.78435647e-01 -3.46300513e-01  3.43429632e-02
   1.45170003e-01  1.30423337e-01  2.09098458e-01 -1.33438811e-01]
 [ 4.53458160e-01 -5.68660721e-02  6.17506266e-01 -1.58123314e-01
   1.79777518e-01 -2.00028792e-02  3.67732644e-01  1.55304834e-01
  -1.23215951e-01  2.75249362e-01 -4.81075197e-02 -1.48016632e-01
   2.77485013e-01  2.35857338e-01  3.02338988e-01 -5.74588239e-01]
 [-1.29984975e-01  1.93120122e-01 -1.22558229e-01 -2.48477891e-01
   8.57892707e-02  1.49573267e-01  3.07285190e-01 -7.49309827e-03
  -4.61003363e-01  3.15502845e-02 -3.53657454e-01 -4.54258770e-02
  -3.62886727e-01 -5.03442250e-02 -5.02556205e-01  2.09829107e-01]
 [ 1.74034283e-01 -1.10124461e-01 -1.51458427e-01  3.75109524e-01
   9.64258462e-02  4.94634062e-02 -1.69948742e-01 -2.98374116e-01
  -2.41262779e-01  1.50567219e-01  1.89203858e-01  3.18438143e-01
  -3.61871362e-01 -2.17502728e-01 -5.82877815e-01  2.56920815e-01]]