Key: conv3d_2/conv3d_2/bias:0
Value shape: (16,)
Value:
[ 0.1330388   0.0244915  -0.07618389 -0.0012653  -0.02224214  0.02320302
 -0.01323767  0.00563922  0.05729926 -0.01055487  0.15879732  0.05536117
 -0.03445656 -0.03910476  0.00211618  0.01115704]
Flattened value shape: (1, 16)
Flattened value:
[[ 0.1330388   0.0244915  -0.07618389 -0.0012653  -0.02224214  0.02320302
  -0.01323767  0.00563922  0.05729926 -0.01055487  0.15879732  0.05536117
  -0.03445656 -0.03910476  0.00211618  0.01115704]]
