Key: conv3d_2/conv3d_2/kernel:0
Value shape: (3, 1, 1, 16, 16)
Value:
[[[[[-5.80853112e-02  3.66380304e-01 -1.92641288e-01 -2.47744352e-01
      2.94961870e-01 -1.34620415e-02  6.04920276e-02 -3.61978233e-01
      3.57349217e-02 -4.09260811e-03 -5.44787422e-02 -2.78664649e-01
     -1.15033045e-01 -1.33440331e-01 -4.06575240e-02  3.87915224e-01]
    [ 2.85528213e-01  5.87782171e-03  9.17697847e-02 -4.08872664e-01
     -3.61681223e-01  2.28013113e-01 -3.61931026e-02 -3.78626525e-01
     -1.60640657e-01 -2.21698180e-01 -3.16811234e-01 -1.85553432e-01
      3.94583941e-01 -1.04703233e-02  2.71556795e-01  4.33431333e-03]
    [ 4.40424308e-03 -7.59446919e-02 -1.58067152e-01  2.97484368e-01
      2.46946603e-01  1.41931012e-01 -1.04608566e-01 -1.52954385e-01
     -1.40894398e-01 -3.24397981e-01  3.51957530e-01 -2.40986392e-01
      1.60104543e-01 -1.99556157e-01 -3.26842546e-01 -2.53472686e-01]
    [ 2.30456248e-01 -2.42725536e-01 -8.71352106e-02 -1.79709539e-01
      6.64833486e-02 -1.30699798e-01 -2.15647399e-01 -9.74243581e-02
      9.41068456e-02 -1.63632140e-01  1.35602072e-01  7.44863749e-02
     -2.22620204e-01 -3.59636010e-03  1.36874661e-01  4.32697460e-02]
    [-4.01610970e-01  2.38599405e-01  4.04125273e-01  2.65507221e-01
     -8.04970041e-02  2.86108643e-01 -3.57176811e-02 -1.06312551e-01
     -5.03413975e-01  2.84044325e-01 -1.02094233e-01  5.68930320e-02
      2.19762232e-02 -2.77880609e-01  1.29568040e-01  2.20842749e-01]
    [ 4.03610012e-03 -1.24237137e-02  5.70802912e-02 -7.66850859e-02
      4.30149697e-02  1.33188948e-01  3.20285633e-02  7.82887116e-02
     -1.32628188e-01 -1.22354411e-01 -1.71656728e-01 -2.03501239e-01
     -3.51282477e-01  2.85383999e-01 -1.13553479e-01  2.34004244e-01]
    [ 4.39066440e-02 -1.75748438e-01  1.69541687e-01 -2.28328645e-01
      1.66211769e-01 -7.35910684e-02  1.95214435e-01 -2.40650967e-01
     -3.39194089e-01  8.29671994e-02 -1.69350430e-01 -1.85503870e-01
     -1.43062055e-01 -2.48060003e-01 -4.55978096e-01  4.94192243e-02]
    [ 3.44267190e-01 -2.81923652e-01 -2.35253334e-01 -9.89588797e-02
     -4.54254597e-01 -8.56591016e-02 -4.22482342e-01 -3.74165207e-01
      7.49613121e-02  4.67585437e-02  9.50375870e-02 -1.70071542e-01
     -1.69477728e-03 -2.83362657e-01  2.94888347e-01 -4.01464939e-01]
    [ 1.31858841e-01 -1.14145957e-01  9.59062204e-02 -8.27898011e-02
      7.09058121e-02 -1.02153383e-01 -5.66209927e-02  3.69638920e-01
      1.49086267e-01  7.71651119e-02  2.14322194e-01  3.45355660e-01
     -1.67940855e-02  1.77033879e-02 -6.83799163e-02  1.22954734e-01]
    [ 1.28606141e-01 -3.09977401e-03 -1.25129953e-01 -1.83684260e-01
      1.99474469e-01  2.16986641e-01 -1.94565266e-01 -6.24265410e-02
     -1.87574759e-01 -9.52897817e-02  1.55896485e-01  8.95516202e-02
      7.02462567e-04  2.42032018e-02 -3.25972021e-01  1.77190930e-01]
    [ 1.74312606e-01  1.90880820e-02  3.11572433e-01 -2.88920011e-02
     -3.72968048e-01  4.01294053e-01 -2.80235738e-01 -1.76774666e-01
      8.01053420e-02 -5.96440434e-02 -1.18751526e-01 -3.01997989e-01
     -1.47049055e-01 -8.96562189e-02 -3.09120268e-01  1.54587969e-01]
    [ 3.72857153e-01  2.03297630e-01  2.64406711e-01 -2.37305194e-01
      4.86320779e-02  3.50530773e-01  1.54403374e-01  1.68457016e-01
     -1.02023699e-03 -3.06405813e-01  1.57617658e-01 -7.73067726e-03
     -8.96341819e-03  4.86340821e-02 -1.95142657e-01 -3.87856334e-01]
    [ 9.94238779e-02 -6.63990229e-02  3.32356721e-01  2.01379418e-01
      1.77920386e-01  2.92327553e-02 -2.98752010e-01 -4.03372377e-01
     -6.14007600e-02 -6.30593896e-02 -2.73385078e-01 -1.87134743e-01
     -2.81829089e-01 -3.77424836e-01 -2.46740475e-01 -3.80641110e-02]
    [ 3.41862261e-01 -4.23820466e-01 -5.41736074e-02  1.50941610e-01
     -2.00973853e-01 -9.87558588e-02 -1.90090388e-01 -3.61190170e-01
      2.08187297e-01 -2.23883837e-01  6.13762923e-02 -3.39342594e-01
     -1.82100534e-01 -1.55708596e-01 -1.44496392e-02 -2.52422750e-01]
    [-3.12224322e-04 -2.68151671e-01  3.58329177e-01  3.62254143e-01
      8.22497066e-03  1.96373835e-01  1.28269464e-01 -3.44301462e-01
      2.13625684e-01 -2.13238537e-01 -1.80351526e-01 -1.27462864e-01
      1.82194039e-01  1.92899451e-01 -1.07641565e-02  4.39422369e-01]
    [ 3.29121172e-01 -3.05593997e-01 -8.38564858e-02 -5.70782386e-02
      1.91717669e-01 -5.52925766e-02  7.55780339e-02 -1.14877680e-02
     -3.69451582e-01 -1.75876975e-01  1.81561559e-01  1.76130846e-01
     -2.33384520e-01  3.77344817e-01  1.95862025e-01  4.84022778e-03]]]]



 [[[[ 6.83031157e-02 -1.03737608e-01 -7.00980946e-02 -4.21562433e-01
      1.30437464e-01  4.14292999e-02  1.19985707e-01 -3.33814062e-02
      3.33411731e-02  1.50518790e-01 -6.99559599e-02 -4.41553891e-02
      4.65603955e-02  5.22881635e-02  2.04847291e-01  3.32788765e-01]
    [ 1.77017659e-01  2.14950815e-01  9.22728255e-02 -1.21799864e-01
     -1.04256697e-01 -2.75187697e-02 -3.97706807e-01 -1.27297968e-01
      2.03628466e-01 -7.76518062e-02  4.33360696e-01  3.51412371e-02
     -1.39867052e-01 -7.97339156e-02  1.98182017e-01 -4.58657071e-02]
    [ 2.46961877e-01  9.54942480e-02 -1.55433357e-01 -1.82998464e-01
      1.98042855e-01  1.51599422e-01 -2.15920419e-01 -2.53749877e-01
     -5.38709946e-02 -3.23028535e-01 -7.63427764e-02  9.13496017e-02
      2.74297476e-01 -1.60619065e-01  3.38839414e-03  2.65124232e-01]
    [ 2.08701149e-01 -5.92650771e-02  3.01434427e-01 -5.67001924e-02
     -7.98100680e-02 -8.06572959e-02 -1.59902900e-01  4.04355466e-01
      2.26084903e-01 -1.23194531e-01 -1.64894685e-01 -3.04655403e-01
      4.02480006e-01 -3.31222117e-02  1.32024929e-01  2.42190078e-01]
    [ 5.44270985e-02 -2.63580710e-01 -1.13502674e-01 -1.14981748e-01
      1.48650557e-01  1.13928102e-01 -1.48639288e-02 -2.45001733e-01
      2.17818186e-01  3.26991946e-01 -1.50418645e-02  5.92608601e-02
     -1.34957042e-02 -3.51501703e-01 -1.04196958e-01 -3.35034698e-01]
    [-2.40826219e-01 -1.91594645e-01  1.18783355e-01  3.22593674e-02
      1.35416407e-02 -3.47950049e-02  5.68494871e-02 -1.71934426e-01
      1.50938123e-01  2.20970362e-01 -4.51924875e-02 -1.16556220e-01
     -7.60872066e-02 -9.97259021e-02  1.85955331e-01 -1.66626886e-01]
    [-2.59365030e-02 -1.07222293e-02 -1.00339232e-02  3.04741293e-01
     -4.00263846e-01  1.22892395e-01  1.08020015e-01  7.72154182e-02
     -3.32858786e-02  6.44510016e-02 -3.43969285e-01 -2.77811259e-01
      2.06531495e-01 -3.71108428e-02 -9.19640157e-03 -3.86962108e-02]
    [ 1.79777801e-01 -3.57960254e-01 -9.96817350e-02 -6.19288012e-02
     -3.68516654e-01  8.80946033e-03  1.29866928e-01 -3.53064127e-02
     -4.81766425e-02  2.21587524e-01 -4.79790509e-01  1.97119936e-01
     -9.42518115e-02  6.30163625e-02  6.72014877e-02 -1.64440915e-01]
    [ 2.08448589e-01  4.49971817e-02 -3.11097711e-01 -3.21385384e-01
      3.84896845e-02 -4.41090494e-01  7.89737776e-02 -2.50284553e-01
     -1.53115556e-01 -1.73905671e-01  6.63005039e-02  1.95180196e-02
     -3.75794768e-01  1.00914694e-01  1.33992285e-01 -2.37296727e-02]
    [-6.60770014e-02  2.27596685e-01 -4.52194273e-01 -1.75637513e-01
     -2.34660320e-02 -1.75928891e-01 -6.94551170e-02  2.71641821e-01
     -1.44877672e-01 -3.71417135e-01  5.22055775e-02 -9.92722958e-02
      1.42357454e-01  3.79164219e-01 -2.87132859e-01  2.79963408e-02]
    [-2.17809752e-01 -3.54129702e-01 -1.65886819e-01  3.29802968e-02
      2.53590703e-01 -7.13178143e-02 -3.30359340e-01  3.15122604e-01
      2.55992562e-01 -1.70391858e-01  2.11941913e-01 -5.83233200e-02
     -3.62841964e-01 -8.19995534e-03 -4.50658619e-01 -1.96526453e-01]
    [ 7.45915174e-02  2.03551635e-01 -2.73953408e-01 -1.94197163e-01
     -3.89155447e-01 -2.08314180e-01 -2.49859437e-01  9.34244171e-02
      2.38385290e-01  1.54301673e-01 -1.39956966e-01 -1.16511039e-01
      1.12455174e-01 -1.81332514e-01 -2.98460394e-01  2.29143888e-01]
    [-2.12960437e-01 -1.03479937e-01  1.82985097e-01 -2.49975454e-03
     -1.32332042e-01 -6.04287907e-02  4.31702053e-03 -3.26799691e-01
     -2.57385105e-01 -4.51950245e-02  1.29860058e-01 -6.57443553e-02
      1.51714444e-01  1.64960697e-01 -1.65508445e-02 -1.37887329e-01]
    [-1.38214469e-01  3.12115639e-01  3.00323159e-01  2.18160659e-01
     -1.08181745e-01 -1.34816006e-01  2.28585750e-02 -1.53996706e-01
     -8.04978684e-02  1.49744794e-01 -4.67131883e-01  1.26424864e-01
      2.24871144e-01 -1.29046142e-01 -2.71150827e-01 -4.86375466e-02]
    [ 9.97310355e-02 -2.64200211e-01 -9.12548751e-02 -8.78890455e-02
     -8.06412175e-02  1.21253200e-01 -2.45752707e-01 -1.55244768e-02
     -8.63115489e-02 -7.86824673e-02 -1.16110824e-01 -1.10528350e-01
     -2.52004087e-01  2.87997872e-01 -2.99325436e-01 -3.80397856e-01]
    [-2.54188832e-02  9.57355425e-02  4.85638902e-02  2.93992702e-02
     -3.17311406e-01  1.28706142e-01 -1.91579275e-02 -2.20280305e-01
     -1.02591105e-01 -4.27572578e-01  1.34783788e-02  1.67946234e-01
      3.18724737e-02 -2.22104058e-01  3.63565117e-01  7.28320405e-02]]]]



 [[[[-1.91067994e-01  6.18597008e-02  3.73200238e-01 -1.13815824e-02
     -7.55854174e-02 -1.94055319e-01  6.31775521e-03  5.51700331e-02
     -3.17079127e-01  5.70328012e-02  3.78307402e-02  3.34635288e-01
     -4.21330743e-02  1.55493096e-01  1.56622589e-01 -2.42966518e-01]
    [-1.62062630e-01 -3.25520299e-02 -5.93594536e-02  9.48508233e-02
      1.46156475e-01 -1.02156892e-01 -4.85911369e-02  2.96192497e-01
     -1.14298150e-01  1.30647391e-01 -3.15159000e-02 -2.21620291e-01
      6.48623481e-02  1.68400839e-01 -2.13398665e-01  3.96694869e-01]
    [-9.32484865e-02 -3.35546911e-01  1.82703689e-01  1.51580170e-01
     -1.77300841e-01  1.44054502e-01  6.87408745e-02 -4.63604629e-02
      3.22942019e-01  4.41874452e-02 -5.96956685e-02 -1.77713647e-01
      7.59431794e-02 -2.75434792e-01 -5.08226305e-02  2.46677101e-01]
    [ 8.09704959e-02  5.27389869e-02  2.73086190e-01 -9.43652391e-02
      8.37128311e-02 -4.39349532e-01  1.69944823e-01 -1.73062161e-02
     -3.14448297e-01  1.74935266e-01  1.49360076e-01 -3.26858670e-01
     -1.36924153e-02 -2.70310491e-01 -7.86884204e-02  1.38718575e-01]
    [ 4.14403141e-01 -5.62205538e-02  1.69421643e-01 -1.08842596e-01
     -3.87495756e-01 -3.17194194e-01 -3.35890293e-01  1.63807005e-01
      9.67105404e-02 -6.16329312e-02  2.67458200e-01  2.02688679e-01
     -4.39561129e-01  9.79355276e-02  2.80360281e-01  1.01185180e-01]
    [-7.58837238e-02  1.98445201e-01  2.98725665e-01 -1.75605714e-01
      5.17685227e-02 -1.63273942e-02  3.18882614e-02 -1.56781599e-01
      3.98142487e-01 -1.81282889e-02 -2.89821208e-01  4.26977932e-01
     -1.94462001e-01  3.43096554e-01  5.38315214e-02 -2.35291887e-02]
    [ 7.82750696e-02  2.02190895e-02 -1.94111496e-01 -2.33970582e-01
     -1.43947393e-01 -6.43204153e-02 -2.14375764e-01  1.80611625e-01
      1.37889490e-01 -2.46496499e-01  4.26331833e-02  5.22961058e-02
      1.04871988e-01 -3.31220031e-01  2.78273430e-02 -2.16570068e-02]
    [-4.03444767e-01 -2.51044661e-01 -4.42305543e-02 -4.51637171e-02
     -1.55327365e-01 -6.36766478e-02  1.09885901e-01 -2.07595974e-01
      8.16514017e-04 -2.90163517e-01  7.74405599e-02  2.57910155e-02
      1.28794489e-02  5.12460023e-02 -3.68549600e-02 -1.27558768e-01]
    [-4.75902408e-01  3.76768202e-01 -1.24773711e-01 -1.46236062e-01
     -1.19406916e-01 -4.84043956e-02 -9.45705920e-02 -1.21846683e-01
     -2.15803340e-01 -3.05715173e-01 -8.68532900e-03 -1.44013897e-01
      2.68244833e-01  2.15052161e-02 -1.81863815e-01 -3.96949530e-01]
    [ 2.49703489e-02  1.33243442e-01 -7.71091878e-02 -1.33870929e-01
      1.94618367e-02 -1.77846372e-01 -1.90535143e-01 -1.63936391e-01
     -1.86047964e-02  7.27441488e-03 -4.16470587e-01  1.19836412e-01
      2.26396680e-01  2.03275561e-01 -3.39552462e-01  3.44466269e-01]
    [-3.32492501e-01  1.96525380e-01  8.78454223e-02 -9.55014080e-02
     -2.18496799e-01 -2.49209926e-01  1.16725013e-01  2.26598844e-01
      1.93822443e-01  5.93910366e-02 -1.15490310e-01  2.90468127e-01
      6.23322614e-02  8.62580612e-02  2.98573196e-01  1.49883389e-01]
    [-2.91256845e-01  1.57867000e-01 -1.85778484e-01  3.23739052e-01
      2.83950806e-01  1.15123004e-01  3.54979306e-01 -9.34610739e-02
      6.97011724e-02  1.96027812e-02  3.73638391e-01 -1.57376930e-01
     -2.77265221e-01  8.81607309e-02 -5.67754321e-02 -1.48937911e-01]
    [-2.72956252e-01  6.56996071e-02 -1.20512560e-01  1.78177804e-01
     -1.58249229e-01 -4.85696904e-02  9.44929644e-02 -3.99095081e-02
      3.82008404e-01 -3.22999954e-02 -2.42880315e-01  1.93931565e-01
      1.98194697e-01  2.82554358e-01  1.01629291e-02  3.86452004e-02]
    [-2.33795598e-01 -1.47669405e-01  6.65172469e-03 -2.87994564e-01
      2.96488881e-01 -3.62367004e-01 -1.10991579e-02 -3.31895620e-01
     -4.06468570e-01 -3.55964452e-01  1.73880070e-01  1.25086457e-01
      3.70783240e-01  2.88879454e-01  1.76618308e-01 -2.31664494e-01]
    [-5.26956141e-01  5.38062565e-02 -4.72944677e-02 -2.95184314e-01
      1.98701695e-01 -2.76559610e-02 -3.01890433e-01 -1.14047132e-01
     -3.24982047e-01 -9.77275148e-02  2.17293456e-01  1.19941033e-01
     -4.73589338e-02 -2.51640260e-01  6.54012114e-02  2.91213304e-01]
    [-5.08662313e-03  3.12894166e-01 -1.27307132e-01 -2.43075654e-01
     -3.30954164e-01  3.70801681e-05 -2.67813444e-01 -6.46036044e-02
      2.76741534e-01  3.19968374e-03 -2.59523541e-01  1.25942782e-01
      3.69879276e-01 -3.99856538e-01  5.58529235e-02 -1.24163315e-01]]]]]
Flattened value shape: (48, 16)
Flattened value:
[[-5.80853112e-02  3.66380304e-01 -1.92641288e-01 -2.47744352e-01
   2.94961870e-01 -1.34620415e-02  6.04920276e-02 -3.61978233e-01
   3.57349217e-02 -4.09260811e-03 -5.44787422e-02 -2.78664649e-01
  -1.15033045e-01 -1.33440331e-01 -4.06575240e-02  3.87915224e-01]
 [ 2.85528213e-01  5.87782171e-03  9.17697847e-02 -4.08872664e-01
  -3.61681223e-01  2.28013113e-01 -3.61931026e-02 -3.78626525e-01
  -1.60640657e-01 -2.21698180e-01 -3.16811234e-01 -1.85553432e-01
   3.94583941e-01 -1.04703233e-02  2.71556795e-01  4.33431333e-03]
 [ 4.40424308e-03 -7.59446919e-02 -1.58067152e-01  2.97484368e-01
   2.46946603e-01  1.41931012e-01 -1.04608566e-01 -1.52954385e-01
  -1.40894398e-01 -3.24397981e-01  3.51957530e-01 -2.40986392e-01
   1.60104543e-01 -1.99556157e-01 -3.26842546e-01 -2.53472686e-01]
 [ 2.30456248e-01 -2.42725536e-01 -8.71352106e-02 -1.79709539e-01
   6.64833486e-02 -1.30699798e-01 -2.15647399e-01 -9.74243581e-02
   9.41068456e-02 -1.63632140e-01  1.35602072e-01  7.44863749e-02
  -2.22620204e-01 -3.59636010e-03  1.36874661e-01  4.32697460e-02]
 [-4.01610970e-01  2.38599405e-01  4.04125273e-01  2.65507221e-01
  -8.04970041e-02  2.86108643e-01 -3.57176811e-02 -1.06312551e-01
  -5.03413975e-01  2.84044325e-01 -1.02094233e-01  5.68930320e-02
   2.19762232e-02 -2.77880609e-01  1.29568040e-01  2.20842749e-01]
 [ 4.03610012e-03 -1.24237137e-02  5.70802912e-02 -7.66850859e-02
   4.30149697e-02  1.33188948e-01  3.20285633e-02  7.82887116e-02
  -1.32628188e-01 -1.22354411e-01 -1.71656728e-01 -2.03501239e-01
  -3.51282477e-01  2.85383999e-01 -1.13553479e-01  2.34004244e-01]
 [ 4.39066440e-02 -1.75748438e-01  1.69541687e-01 -2.28328645e-01
   1.66211769e-01 -7.35910684e-02  1.95214435e-01 -2.40650967e-01
  -3.39194089e-01  8.29671994e-02 -1.69350430e-01 -1.85503870e-01
  -1.43062055e-01 -2.48060003e-01 -4.55978096e-01  4.94192243e-02]
 [ 3.44267190e-01 -2.81923652e-01 -2.35253334e-01 -9.89588797e-02
  -4.54254597e-01 -8.56591016e-02 -4.22482342e-01 -3.74165207e-01
   7.49613121e-02  4.67585437e-02  9.50375870e-02 -1.70071542e-01
  -1.69477728e-03 -2.83362657e-01  2.94888347e-01 -4.01464939e-01]
 [ 1.31858841e-01 -1.14145957e-01  9.59062204e-02 -8.27898011e-02
   7.09058121e-02 -1.02153383e-01 -5.66209927e-02  3.69638920e-01
   1.49086267e-01  7.71651119e-02  2.14322194e-01  3.45355660e-01
  -1.67940855e-02  1.77033879e-02 -6.83799163e-02  1.22954734e-01]
 [ 1.28606141e-01 -3.09977401e-03 -1.25129953e-01 -1.83684260e-01
   1.99474469e-01  2.16986641e-01 -1.94565266e-01 -6.24265410e-02
  -1.87574759e-01 -9.52897817e-02  1.55896485e-01  8.95516202e-02
   7.02462567e-04  2.42032018e-02 -3.25972021e-01  1.77190930e-01]
 [ 1.74312606e-01  1.90880820e-02  3.11572433e-01 -2.88920011e-02
  -3.72968048e-01  4.01294053e-01 -2.80235738e-01 -1.76774666e-01
   8.01053420e-02 -5.96440434e-02 -1.18751526e-01 -3.01997989e-01
  -1.47049055e-01 -8.96562189e-02 -3.09120268e-01  1.54587969e-01]
 [ 3.72857153e-01  2.03297630e-01  2.64406711e-01 -2.37305194e-01
   4.86320779e-02  3.50530773e-01  1.54403374e-01  1.68457016e-01
  -1.02023699e-03 -3.06405813e-01  1.57617658e-01 -7.73067726e-03
  -8.96341819e-03  4.86340821e-02 -1.95142657e-01 -3.87856334e-01]
 [ 9.94238779e-02 -6.63990229e-02  3.32356721e-01  2.01379418e-01
   1.77920386e-01  2.92327553e-02 -2.98752010e-01 -4.03372377e-01
  -6.14007600e-02 -6.30593896e-02 -2.73385078e-01 -1.87134743e-01
  -2.81829089e-01 -3.77424836e-01 -2.46740475e-01 -3.80641110e-02]
 [ 3.41862261e-01 -4.23820466e-01 -5.41736074e-02  1.50941610e-01
  -2.00973853e-01 -9.87558588e-02 -1.90090388e-01 -3.61190170e-01
   2.08187297e-01 -2.23883837e-01  6.13762923e-02 -3.39342594e-01
  -1.82100534e-01 -1.55708596e-01 -1.44496392e-02 -2.52422750e-01]
 [-3.12224322e-04 -2.68151671e-01  3.58329177e-01  3.62254143e-01
   8.22497066e-03  1.96373835e-01  1.28269464e-01 -3.44301462e-01
   2.13625684e-01 -2.13238537e-01 -1.80351526e-01 -1.27462864e-01
   1.82194039e-01  1.92899451e-01 -1.07641565e-02  4.39422369e-01]
 [ 3.29121172e-01 -3.05593997e-01 -8.38564858e-02 -5.70782386e-02
   1.91717669e-01 -5.52925766e-02  7.55780339e-02 -1.14877680e-02
  -3.69451582e-01 -1.75876975e-01  1.81561559e-01  1.76130846e-01
  -2.33384520e-01  3.77344817e-01  1.95862025e-01  4.84022778e-03]
 [ 6.83031157e-02 -1.03737608e-01 -7.00980946e-02 -4.21562433e-01
   1.30437464e-01  4.14292999e-02  1.19985707e-01 -3.33814062e-02
   3.33411731e-02  1.50518790e-01 -6.99559599e-02 -4.41553891e-02
   4.65603955e-02  5.22881635e-02  2.04847291e-01  3.32788765e-01]
 [ 1.77017659e-01  2.14950815e-01  9.22728255e-02 -1.21799864e-01
  -1.04256697e-01 -2.75187697e-02 -3.97706807e-01 -1.27297968e-01
   2.03628466e-01 -7.76518062e-02  4.33360696e-01  3.51412371e-02
  -1.39867052e-01 -7.97339156e-02  1.98182017e-01 -4.58657071e-02]
 [ 2.46961877e-01  9.54942480e-02 -1.55433357e-01 -1.82998464e-01
   1.98042855e-01  1.51599422e-01 -2.15920419e-01 -2.53749877e-01
  -5.38709946e-02 -3.23028535e-01 -7.63427764e-02  9.13496017e-02
   2.74297476e-01 -1.60619065e-01  3.38839414e-03  2.65124232e-01]
 [ 2.08701149e-01 -5.92650771e-02  3.01434427e-01 -5.67001924e-02
  -7.98100680e-02 -8.06572959e-02 -1.59902900e-01  4.04355466e-01
   2.26084903e-01 -1.23194531e-01 -1.64894685e-01 -3.04655403e-01
   4.02480006e-01 -3.31222117e-02  1.32024929e-01  2.42190078e-01]
 [ 5.44270985e-02 -2.63580710e-01 -1.13502674e-01 -1.14981748e-01
   1.48650557e-01  1.13928102e-01 -1.48639288e-02 -2.45001733e-01
   2.17818186e-01  3.26991946e-01 -1.50418645e-02  5.92608601e-02
  -1.34957042e-02 -3.51501703e-01 -1.04196958e-01 -3.35034698e-01]
 [-2.40826219e-01 -1.91594645e-01  1.18783355e-01  3.22593674e-02
   1.35416407e-02 -3.47950049e-02  5.68494871e-02 -1.71934426e-01
   1.50938123e-01  2.20970362e-01 -4.51924875e-02 -1.16556220e-01
  -7.60872066e-02 -9.97259021e-02  1.85955331e-01 -1.66626886e-01]
 [-2.59365030e-02 -1.07222293e-02 -1.00339232e-02  3.04741293e-01
  -4.00263846e-01  1.22892395e-01  1.08020015e-01  7.72154182e-02
  -3.32858786e-02  6.44510016e-02 -3.43969285e-01 -2.77811259e-01
   2.06531495e-01 -3.71108428e-02 -9.19640157e-03 -3.86962108e-02]
 [ 1.79777801e-01 -3.57960254e-01 -9.96817350e-02 -6.19288012e-02
  -3.68516654e-01  8.80946033e-03  1.29866928e-01 -3.53064127e-02
  -4.81766425e-02  2.21587524e-01 -4.79790509e-01  1.97119936e-01
  -9.42518115e-02  6.30163625e-02  6.72014877e-02 -1.64440915e-01]
 [ 2.08448589e-01  4.49971817e-02 -3.11097711e-01 -3.21385384e-01
   3.84896845e-02 -4.41090494e-01  7.89737776e-02 -2.50284553e-01
  -1.53115556e-01 -1.73905671e-01  6.63005039e-02  1.95180196e-02
  -3.75794768e-01  1.00914694e-01  1.33992285e-01 -2.37296727e-02]
 [-6.60770014e-02  2.27596685e-01 -4.52194273e-01 -1.75637513e-01
  -2.34660320e-02 -1.75928891e-01 -6.94551170e-02  2.71641821e-01
  -1.44877672e-01 -3.71417135e-01  5.22055775e-02 -9.92722958e-02
   1.42357454e-01  3.79164219e-01 -2.87132859e-01  2.79963408e-02]
 [-2.17809752e-01 -3.54129702e-01 -1.65886819e-01  3.29802968e-02
   2.53590703e-01 -7.13178143e-02 -3.30359340e-01  3.15122604e-01
   2.55992562e-01 -1.70391858e-01  2.11941913e-01 -5.83233200e-02
  -3.62841964e-01 -8.19995534e-03 -4.50658619e-01 -1.96526453e-01]
 [ 7.45915174e-02  2.03551635e-01 -2.73953408e-01 -1.94197163e-01
  -3.89155447e-01 -2.08314180e-01 -2.49859437e-01  9.34244171e-02
   2.38385290e-01  1.54301673e-01 -1.39956966e-01 -1.16511039e-01
   1.12455174e-01 -1.81332514e-01 -2.98460394e-01  2.29143888e-01]
 [-2.12960437e-01 -1.03479937e-01  1.82985097e-01 -2.49975454e-03
  -1.32332042e-01 -6.04287907e-02  4.31702053e-03 -3.26799691e-01
  -2.57385105e-01 -4.51950245e-02  1.29860058e-01 -6.57443553e-02
   1.51714444e-01  1.64960697e-01 -1.65508445e-02 -1.37887329e-01]
 [-1.38214469e-01  3.12115639e-01  3.00323159e-01  2.18160659e-01
  -1.08181745e-01 -1.34816006e-01  2.28585750e-02 -1.53996706e-01
  -8.04978684e-02  1.49744794e-01 -4.67131883e-01  1.26424864e-01
   2.24871144e-01 -1.29046142e-01 -2.71150827e-01 -4.86375466e-02]
 [ 9.97310355e-02 -2.64200211e-01 -9.12548751e-02 -8.78890455e-02
  -8.06412175e-02  1.21253200e-01 -2.45752707e-01 -1.55244768e-02
  -8.63115489e-02 -7.86824673e-02 -1.16110824e-01 -1.10528350e-01
  -2.52004087e-01  2.87997872e-01 -2.99325436e-01 -3.80397856e-01]
 [-2.54188832e-02  9.57355425e-02  4.85638902e-02  2.93992702e-02
  -3.17311406e-01  1.28706142e-01 -1.91579275e-02 -2.20280305e-01
  -1.02591105e-01 -4.27572578e-01  1.34783788e-02  1.67946234e-01
   3.18724737e-02 -2.22104058e-01  3.63565117e-01  7.28320405e-02]
 [-1.91067994e-01  6.18597008e-02  3.73200238e-01 -1.13815824e-02
  -7.55854174e-02 -1.94055319e-01  6.31775521e-03  5.51700331e-02
  -3.17079127e-01  5.70328012e-02  3.78307402e-02  3.34635288e-01
  -4.21330743e-02  1.55493096e-01  1.56622589e-01 -2.42966518e-01]
 [-1.62062630e-01 -3.25520299e-02 -5.93594536e-02  9.48508233e-02
   1.46156475e-01 -1.02156892e-01 -4.85911369e-02  2.96192497e-01
  -1.14298150e-01  1.30647391e-01 -3.15159000e-02 -2.21620291e-01
   6.48623481e-02  1.68400839e-01 -2.13398665e-01  3.96694869e-01]
 [-9.32484865e-02 -3.35546911e-01  1.82703689e-01  1.51580170e-01
  -1.77300841e-01  1.44054502e-01  6.87408745e-02 -4.63604629e-02
   3.22942019e-01  4.41874452e-02 -5.96956685e-02 -1.77713647e-01
   7.59431794e-02 -2.75434792e-01 -5.08226305e-02  2.46677101e-01]
 [ 8.09704959e-02  5.27389869e-02  2.73086190e-01 -9.43652391e-02
   8.37128311e-02 -4.39349532e-01  1.69944823e-01 -1.73062161e-02
  -3.14448297e-01  1.74935266e-01  1.49360076e-01 -3.26858670e-01
  -1.36924153e-02 -2.70310491e-01 -7.86884204e-02  1.38718575e-01]
 [ 4.14403141e-01 -5.62205538e-02  1.69421643e-01 -1.08842596e-01
  -3.87495756e-01 -3.17194194e-01 -3.35890293e-01  1.63807005e-01
   9.67105404e-02 -6.16329312e-02  2.67458200e-01  2.02688679e-01
  -4.39561129e-01  9.79355276e-02  2.80360281e-01  1.01185180e-01]
 [-7.58837238e-02  1.98445201e-01  2.98725665e-01 -1.75605714e-01
   5.17685227e-02 -1.63273942e-02  3.18882614e-02 -1.56781599e-01
   3.98142487e-01 -1.81282889e-02 -2.89821208e-01  4.26977932e-01
  -1.94462001e-01  3.43096554e-01  5.38315214e-02 -2.35291887e-02]
 [ 7.82750696e-02  2.02190895e-02 -1.94111496e-01 -2.33970582e-01
  -1.43947393e-01 -6.43204153e-02 -2.14375764e-01  1.80611625e-01
   1.37889490e-01 -2.46496499e-01  4.26331833e-02  5.22961058e-02
   1.04871988e-01 -3.31220031e-01  2.78273430e-02 -2.16570068e-02]
 [-4.03444767e-01 -2.51044661e-01 -4.42305543e-02 -4.51637171e-02
  -1.55327365e-01 -6.36766478e-02  1.09885901e-01 -2.07595974e-01
   8.16514017e-04 -2.90163517e-01  7.74405599e-02  2.57910155e-02
   1.28794489e-02  5.12460023e-02 -3.68549600e-02 -1.27558768e-01]
 [-4.75902408e-01  3.76768202e-01 -1.24773711e-01 -1.46236062e-01
  -1.19406916e-01 -4.84043956e-02 -9.45705920e-02 -1.21846683e-01
  -2.15803340e-01 -3.05715173e-01 -8.68532900e-03 -1.44013897e-01
   2.68244833e-01  2.15052161e-02 -1.81863815e-01 -3.96949530e-01]
 [ 2.49703489e-02  1.33243442e-01 -7.71091878e-02 -1.33870929e-01
   1.94618367e-02 -1.77846372e-01 -1.90535143e-01 -1.63936391e-01
  -1.86047964e-02  7.27441488e-03 -4.16470587e-01  1.19836412e-01
   2.26396680e-01  2.03275561e-01 -3.39552462e-01  3.44466269e-01]
 [-3.32492501e-01  1.96525380e-01  8.78454223e-02 -9.55014080e-02
  -2.18496799e-01 -2.49209926e-01  1.16725013e-01  2.26598844e-01
   1.93822443e-01  5.93910366e-02 -1.15490310e-01  2.90468127e-01
   6.23322614e-02  8.62580612e-02  2.98573196e-01  1.49883389e-01]
 [-2.91256845e-01  1.57867000e-01 -1.85778484e-01  3.23739052e-01
   2.83950806e-01  1.15123004e-01  3.54979306e-01 -9.34610739e-02
   6.97011724e-02  1.96027812e-02  3.73638391e-01 -1.57376930e-01
  -2.77265221e-01  8.81607309e-02 -5.67754321e-02 -1.48937911e-01]
 [-2.72956252e-01  6.56996071e-02 -1.20512560e-01  1.78177804e-01
  -1.58249229e-01 -4.85696904e-02  9.44929644e-02 -3.99095081e-02
   3.82008404e-01 -3.22999954e-02 -2.42880315e-01  1.93931565e-01
   1.98194697e-01  2.82554358e-01  1.01629291e-02  3.86452004e-02]
 [-2.33795598e-01 -1.47669405e-01  6.65172469e-03 -2.87994564e-01
   2.96488881e-01 -3.62367004e-01 -1.10991579e-02 -3.31895620e-01
  -4.06468570e-01 -3.55964452e-01  1.73880070e-01  1.25086457e-01
   3.70783240e-01  2.88879454e-01  1.76618308e-01 -2.31664494e-01]
 [-5.26956141e-01  5.38062565e-02 -4.72944677e-02 -2.95184314e-01
   1.98701695e-01 -2.76559610e-02 -3.01890433e-01 -1.14047132e-01
  -3.24982047e-01 -9.77275148e-02  2.17293456e-01  1.19941033e-01
  -4.73589338e-02 -2.51640260e-01  6.54012114e-02  2.91213304e-01]
 [-5.08662313e-03  3.12894166e-01 -1.27307132e-01 -2.43075654e-01
  -3.30954164e-01  3.70801681e-05 -2.67813444e-01 -6.46036044e-02
   2.76741534e-01  3.19968374e-03 -2.59523541e-01  1.25942782e-01
   3.69879276e-01 -3.99856538e-01  5.58529235e-02 -1.24163315e-01]]
