Key: conv3d_3/conv3d_3/kernel:0
Value shape: (1, 3, 3, 16, 16)
Value:
[[[[[-1.73195899e-02 -1.25548333e-01 -2.02879325e-01 ...
      2.64811844e-01 -1.33282706e-01  2.56426260e-02]
    [ 3.02129984e-02 -2.59892009e-02  1.62938297e-01 ...
      2.54223078e-01 -7.19939396e-02  1.33052215e-01]
    [-2.17919517e-02  3.64617147e-02 -8.72172937e-02 ...
      2.67742664e-01 -2.15670541e-02 -1.35915428e-01]
    ...
    [-2.67185327e-02  1.39915138e-01 -4.06614281e-02 ...
     -6.24904223e-02  9.06947441e-03  4.02185693e-02]
    [-1.15165263e-01  2.58480683e-02  1.80007309e-01 ...
     -9.05405283e-02  3.84889394e-02  1.70770630e-01]
    [ 1.00459740e-01  1.41209021e-01  9.87910852e-02 ...
      2.03637183e-01 -1.86450839e-01  2.37600040e-03]]

   [[-2.03504890e-01  1.56899452e-01  1.24620209e-02 ...
      1.16794370e-01  3.68770324e-02  2.70251650e-02]
    [ 1.80996969e-01 -1.68049365e-01  4.29078899e-02 ...
     -1.25287436e-02 -9.95013490e-02  2.40358133e-02]
    [-3.52095328e-02  4.02377769e-02 -1.94027051e-01 ...
     -1.25236556e-01 -1.00705408e-01  2.12481976e-01]
    ...
    [-6.68777674e-02  1.83043525e-01 -7.35578611e-02 ...
     -5.07249609e-02  8.13342854e-02 -2.48555377e-01]
    [-6.05082959e-02  1.80166900e-01  9.99600161e-03 ...
      1.07031830e-01 -2.93941726e-03 -5.42580560e-02]
    [-2.47189611e-01 -4.38134186e-03 -2.17409208e-01 ...
      1.73539948e-02  2.11334005e-01  1.04309648e-01]]

   [[ 2.95040756e-02 -1.58638269e-01 -6.30742908e-02 ...
      2.11312681e-01  9.00795385e-02 -1.48524791e-01]
    [ 5.69403246e-02 -7.23567903e-02 -2.58524388e-01 ...
      9.87650007e-02  9.65687111e-02  7.96735734e-02]
    [ 3.11216414e-02  6.36363104e-02 -7.25371987e-02 ...
      1.92802809e-02 -1.60288662e-01 -1.02008067e-01]
    ...
    [ 4.99972552e-02 -2.24134549e-02  1.07881643e-01 ...
      3.51551510e-02  9.55105796e-02  2.28929857e-04]
    [ 7.61635834e-03 -1.59598425e-01 -2.56481301e-02 ...
     -6.52690306e-02  2.35014305e-01 -1.56838953e-01]
    [ 2.68995073e-02  6.06902018e-02 -1.56546399e-01 ...
      6.76816925e-02 -1.62572414e-01 -1.23901449e-01]]]


  [[[-1.72705501e-02  1.65258959e-01  7.57843768e-03 ...
      2.79498041e-01  1.53327035e-03 -1.62475780e-01]
    [-5.10540754e-02 -1.54018074e-01  2.51289532e-02 ...
      1.71824396e-01  1.63218647e-01 -9.94394496e-02]
    [-2.03316450e-01 -3.87674607e-02  7.27399141e-02 ...
     -4.35618460e-02 -1.63937047e-01 -6.86186105e-02]
    ...
    [-1.01590799e-02  2.67297495e-02  6.24665916e-02 ...
     -5.08135259e-02 -1.19681120e-01 -2.67744094e-01]
    [ 1.19417729e-02  3.28422524e-02  3.22227441e-02 ...
      1.72102302e-01 -1.16737731e-01  1.08977124e-01]
    [-4.28599864e-02  1.60963729e-01 -6.93860799e-02 ...
      2.66045630e-01  1.61724448e-01 -5.68650803e-03]]

   [[-3.05204261e-02 -2.52775133e-01 -1.29684851e-01 ...
     -3.78165138e-03  1.51108742e-01 -1.17798716e-01]
    [-1.03993945e-01 -1.23688519e-01  3.37960757e-02 ...
      3.28511223e-02 -1.41240254e-01 -1.73532441e-01]
    [-2.68900037e-01  1.21765822e-01 -1.83311045e-01 ...
      1.20899305e-01  1.72034036e-02  1.99279212e-03]
    ...
    [ 2.27754280e-01  2.34932844e-02  1.28329635e-01 ...
      3.42294425e-02  1.46902710e-01  1.50391310e-01]
    [ 3.71230617e-02 -2.20608309e-01 -3.29657458e-02 ...
     -4.01358977e-02  1.22614890e-01  9.87183452e-02]
    [-2.70026028e-02 -1.52276069e-01  1.75235674e-01 ...
      1.34445056e-01  2.40535121e-02  1.76094607e-01]]

   [[-1.39822662e-01 -6.43573478e-02 -1.05223618e-01 ...
      9.46507901e-02  2.39113167e-01  1.85551807e-01]
    [ 4.16179467e-03  1.51849478e-01  2.27348700e-01 ...
     -8.84891674e-02 -2.47988239e-01  1.11808628e-01]
    [ 2.77846213e-02 -3.71892303e-02 -1.86011270e-02 ...
      1.93446893e-02  7.27725327e-02 -2.41614170e-02]
    ...
    [-8.88951570e-02  1.32496849e-01  1.71824977e-01 ...
      1.89187378e-01 -3.97711731e-02  1.86910853e-02]
    [ 1.02368951e-01  3.36603485e-02 -9.19628963e-02 ...
      3.00018918e-02  8.43494162e-02  6.42073974e-02]
    [-9.61471647e-02 -7.09163994e-02  1.55333042e-01 ...
      2.09760349e-02  1.65684342e-01  7.81466514e-02]]]


  [[[-2.57651776e-01  1.94300473e-01  2.80070454e-02 ...
      6.53855354e-02  2.86837578e-01 -2.59623174e-02]
    [-1.84139624e-01  4.90619056e-02 -1.15191832e-01 ...
     -4.86233570e-02  6.93162158e-02  6.18670369e-03]
    [-1.74983591e-01 -1.75676085e-02  5.94962500e-02 ...
      7.24069253e-02  1.79389734e-02  2.46671084e-02]
    ...
    [-1.13093123e-01 -1.36741474e-01 -8.10816437e-02 ...
     -1.16939954e-01  1.21171232e-02 -2.38445890e-03]
    [ 1.28106447e-02 -4.83753271e-02  2.11785242e-01 ...
     -9.43276733e-02  7.05144717e-04  1.26611054e-01]
    [-5.95891997e-02  1.21047340e-01  7.78688043e-02 ...
      7.70807639e-02  7.28331059e-02 -5.42526506e-02]]

   [[-6.68167099e-02  4.14230898e-02 -1.14850707e-01 ...
      8.12702924e-02 -1.77766472e-01 -7.34848902e-02]
    [ 5.84261902e-02  1.06412113e-01  4.43710200e-02 ...
     -1.10270791e-01  8.95682257e-03 -8.37151930e-02]
    [-1.22120321e-01 -1.47318572e-01 -1.77550331e-01 ...
      6.92877322e-02 -7.52220750e-02 -1.77886456e-01]
    ...
    [ 1.11732587e-01 -1.21557498e-02 -6.69746622e-02 ...
     -6.21354617e-02  4.47047502e-02  9.36023593e-02]
    [-1.02065086e-01 -9.57936049e-02  1.81834012e-01 ...
      1.05193399e-01  6.25601187e-02 -1.48862705e-01]
    [-1.67277306e-01 -7.45297922e-03  4.99292463e-02 ...
      1.39971063e-01 -1.17332205e-01 -8.05468336e-02]]

   [[-7.44670704e-02 -1.19859762e-01 -2.72208542e-01 ...
      6.97365031e-02 -2.56828219e-02  1.17252218e-02]
    [-5.95086031e-02 -1.86276399e-02 -2.19798274e-02 ...
      1.50102684e-02  2.09280878e-01 -1.56438556e-02]
    [ 4.04964294e-03 -4.45723645e-02  5.81896584e-03 ...
      1.91559941e-02  4.10127677e-02 -2.40299374e-01]
    ...
    [ 2.71579564e-01 -1.83105201e-01 -3.63448784e-02 ...
      4.70584966e-02  3.12561318e-02  1.04810923e-01]
    [ 1.80876981e-02  1.57209277e-01  1.00261858e-02 ...
      3.06965923e-03 -1.90525338e-01 -1.80702955e-01]
    [ 5.57783358e-02 -2.03858525e-01 -1.28053382e-01 ...
      1.45308673e-01 -1.75541569e-03 -1.62286609e-01]]]]]
Flattened value shape: (144, 16)
Flattened value:
[[-0.01731959 -0.12554833 -0.20287932 ...  0.26481184 -0.1332827
   0.02564263]
 [ 0.030213   -0.0259892   0.1629383  ...  0.25422308 -0.07199394
   0.13305221]
 [-0.02179195  0.03646171 -0.08721729 ...  0.26774266 -0.02156705
  -0.13591543]
 ...
 [ 0.27157956 -0.1831052  -0.03634488 ...  0.0470585   0.03125613
   0.10481092]
 [ 0.0180877   0.15720928  0.01002619 ...  0.00306966 -0.19052534
  -0.18070295]
 [ 0.05577834 -0.20385852 -0.12805338 ...  0.14530867 -0.00175542
  -0.16228661]]
