Key: conv3d_4/conv3d_4/kernel:0
Value shape: (3, 1, 1, 16, 16)
Value:
[[[[[ 2.02184007e-01  5.60436584e-02 -3.28523032e-02  1.38237581e-01
      2.92291623e-02  1.69752553e-01  1.80653766e-01  7.96281695e-02
      3.43362391e-01 -3.07370216e-01 -6.33334145e-02 -2.77644068e-01
      7.27738366e-02  7.77592650e-03 -1.40312806e-01 -1.24735482e-01]
    [-3.40378881e-01 -1.39269978e-01  2.61864007e-01 -4.20782983e-01
     -3.14389616e-01  2.54672974e-01  2.56753005e-02  1.33388370e-01
      2.37704329e-02 -6.95197703e-03 -2.63055321e-02  2.01680765e-01
      3.73746932e-01  1.68989554e-01  2.15600148e-01  3.76064420e-01]
    [-2.42451683e-01  2.75200367e-01  6.01982996e-02  1.83658853e-01
      6.10469654e-02 -1.35680065e-01 -2.32829615e-01 -2.04200342e-01
      2.78327856e-02 -1.30175665e-01 -2.50613242e-01 -2.02376634e-01
     -3.21343280e-02 -8.01818147e-02 -2.55273968e-01 -3.28180641e-01]
    [-6.56479001e-02 -2.63353646e-01 -6.04160428e-02 -2.46656388e-01
     -6.69036359e-02  1.91263452e-01 -1.50635526e-01  4.54098992e-02
      1.15612499e-01 -7.88083971e-02 -2.09025189e-01 -3.66138071e-01
     -2.11694717e-01  1.15942545e-01  2.57718712e-01  2.61399567e-01]
    [-2.53479868e-01 -1.55873910e-01 -1.05684593e-01 -1.03409342e-01
     -2.33841255e-01  9.25121903e-02 -8.89836848e-02 -7.90395066e-02
     -4.67656627e-02  2.02038258e-01  1.91237591e-02 -5.32725900e-02
      3.18023860e-01 -3.18227202e-01  3.79533082e-01  2.33017877e-01]
    [ 1.22048691e-01  1.74289912e-01 -1.72788605e-01  1.93024158e-01
     -2.19264373e-01 -1.99614644e-01 -1.95965290e-01  1.53833315e-01
      1.05915353e-01  2.04231963e-01  4.06391174e-02  4.77157943e-02
      2.00881898e-01 -8.34519118e-02  1.90257490e-01  3.27019006e-01]
    [-2.18851015e-01  5.72345126e-03 -9.31553394e-02  1.64109334e-01
     -1.47433817e-01 -1.33267865e-01  3.55978698e-01 -1.11382328e-01
     -2.21731197e-02  1.30267188e-01  7.49190003e-02  2.86990076e-01
      2.06535518e-01  5.75858131e-02  1.49281561e-01 -2.74079263e-01]
    [-2.57874519e-01 -2.23240070e-02  7.24298954e-02 -2.19902486e-01
      2.19046667e-01  3.17041993e-01 -2.92505682e-01 -9.09627974e-02
      1.16171479e-01 -3.34830433e-01 -4.03754175e-01 -5.16297556e-02
      5.01305284e-03  1.44844074e-02 -3.04164141e-01 -3.98051262e-01]
    [-1.97874948e-01 -7.67398998e-02 -1.68203413e-01 -8.41196328e-02
     -5.31135723e-02 -8.22177678e-02 -7.28682056e-02 -2.27648348e-01
     -1.10671677e-01  2.28712797e-01 -2.97087394e-02 -2.32842281e-01
     -5.33282943e-02  1.00906581e-01 -8.29063132e-02 -5.22971153e-03]
    [ 1.80665210e-01 -3.53245214e-02 -1.02582663e-01 -2.99784355e-02
     -3.05984646e-01 -7.85740167e-02  3.39271218e-01  2.23680601e-01
      4.11031917e-02  2.42101982e-01  2.32538179e-01  8.57735276e-02
     -3.07122141e-01 -3.63308787e-01  2.29966249e-02 -1.53232262e-01]
    [ 2.50742167e-01  8.16404149e-02  1.02200009e-01  4.28031608e-02
      3.96059573e-01 -3.03847462e-01 -1.28435567e-01  1.25691891e-01
      2.31938586e-01 -1.53060630e-01 -1.34327397e-01 -4.29418445e-01
     -3.81631851e-02  5.13536856e-02 -2.14472249e-01  1.03162657e-02]
    [-2.54946530e-01  3.51726830e-01  2.63791382e-02 -1.38155445e-01
      3.02557856e-01  8.81287456e-02 -3.58925015e-02 -1.31095424e-01
     -1.31010130e-01 -1.62786663e-01 -9.70101636e-03  1.78412169e-01
     -3.23191792e-01  7.97254890e-02 -1.42948031e-01 -6.62243068e-02]
    [-2.85326153e-01  1.60685778e-01  1.26325458e-01 -3.65567625e-01
      1.21758044e-01  1.15648292e-01  8.64399374e-02  1.16599776e-01
     -1.55383825e-01  3.73976588e-01  3.84574085e-01 -1.08266070e-01
     -2.22745463e-01  8.47628992e-03  4.23165224e-02  3.34741473e-02]
    [ 7.55369663e-02 -2.51528740e-01 -3.64089459e-01 -1.58539619e-02
     -1.98914587e-01  4.06158380e-02  1.58893764e-01  1.93334863e-01
     -4.40382749e-01  2.56141245e-01 -1.02997996e-01  1.84262425e-01
     -2.15723008e-01  2.31424514e-02  2.08662838e-01  9.52354968e-02]
    [-1.02386344e-02 -2.21259333e-02 -7.16175810e-02 -1.46761850e-01
      2.55252291e-02 -3.58095855e-01 -4.67103988e-01 -5.92703349e-04
      1.35044828e-01  1.92438349e-01 -5.19734174e-02 -1.70166492e-01
     -6.56868815e-02  1.83802456e-01 -1.07084766e-01 -7.29136914e-02]
    [ 3.34054716e-02  2.81524360e-02 -1.35340422e-01  2.36369878e-01
      1.26578927e-01  8.78521279e-02 -3.40333283e-02  2.41206829e-02
      5.05319126e-02 -2.22604841e-01  9.65702236e-02  1.44026533e-01
      2.05748275e-01  3.19486499e-01  4.47137833e-01  1.83863342e-01]]]]



 [[[[-3.76465887e-01 -7.41748661e-02 -5.43906428e-02  1.31247500e-02
      4.07309443e-01 -2.77743880e-02 -2.77359188e-02  2.54286453e-02
     -1.76954448e-01 -9.18237567e-02 -1.55902235e-02  1.94591403e-01
     -2.09122464e-01  1.35638833e-01 -5.70889339e-02  5.32866977e-02]
    [-4.00364548e-01 -8.06559846e-02 -6.67251721e-02  1.39266695e-03
      1.76341012e-01  2.48733819e-01 -2.48458236e-02 -2.59593390e-02
     -1.41591737e-02  9.29878876e-02 -4.02217031e-01 -7.90355280e-02
     -4.09965545e-01  1.22728638e-01  1.38824180e-01  4.35517788e-01]
    [ 5.99661954e-02  2.57013083e-01  1.08421668e-01 -3.74778956e-01
     -3.59898135e-02  2.06244051e-01  1.12050287e-01 -5.45406016e-03
     -3.79629940e-01 -1.10259771e-01 -3.09604526e-01  3.55626523e-01
     -8.77668429e-03  1.51458234e-01  1.83373198e-01  2.04498380e-01]
    [-1.86792806e-01  1.57626927e-01 -2.96047747e-01 -8.17288384e-02
      1.14488043e-01 -1.26334712e-01  1.46945924e-01 -1.89759269e-01
     -9.00143608e-02 -2.37919036e-02  2.90755510e-01  1.32757992e-01
     -1.42708048e-01 -3.00746672e-02  1.50610898e-02 -2.25203931e-01]
    [-1.92089215e-01 -3.63058969e-02 -1.66867822e-01 -7.94626586e-03
     -1.30295172e-01  3.87480408e-01  3.00335139e-01 -7.36855865e-02
     -8.08255747e-02  2.02363074e-01  5.49460351e-02  7.85486400e-02
      1.64990798e-01  2.61129346e-02 -3.29260856e-01 -1.00225374e-01]
    [ 2.81053603e-01  4.68439758e-01  2.99741805e-01  2.23821133e-01
     -1.59986064e-01  6.19556196e-02 -2.28766456e-01  1.33252010e-01
     -1.76809445e-01 -1.47708938e-01  1.01322271e-01  3.47222179e-01
      3.81104536e-02 -1.01909764e-01 -3.03243488e-01  1.89443886e-01]
    [-3.19053441e-01  4.14198861e-02 -2.53348470e-01 -6.00394644e-02
     -3.29758674e-01 -1.43337443e-01 -1.30590290e-01  2.46563151e-01
     -2.27184236e-01 -3.07024866e-02 -1.18436784e-01  2.30065480e-01
     -4.14732277e-01 -2.69817054e-01 -1.99647903e-01 -6.84965402e-03]
    [ 1.42291963e-01 -2.12711781e-01 -2.66902614e-02  3.00311387e-01
     -2.11804166e-01 -2.29134411e-01  2.63228357e-01  9.69197750e-02
      1.39718847e-02 -2.55925525e-02  1.72902524e-01 -8.03058743e-02
      3.26585621e-01  4.35657874e-02  7.93426111e-02  2.62084186e-01]
    [-3.22453082e-01  3.23245823e-01 -2.05879852e-01  3.71621221e-01
     -1.13439783e-01 -1.13640159e-01 -2.23767668e-01  1.22484662e-01
      1.80878654e-01 -2.43494764e-01 -1.26286998e-01 -1.68695059e-02
      3.52841977e-04 -1.97295129e-01  1.03249706e-01 -1.31727576e-01]
    [-3.13009351e-01  1.90483451e-01  2.58707821e-01  3.05365980e-01
     -1.34433374e-01 -1.97408006e-01 -2.77759939e-01 -1.41018227e-01
      1.49176300e-01  1.69311598e-01  1.83904797e-01 -1.85365587e-01
     -2.42917314e-02  1.98249027e-01 -2.15201065e-01  7.28837475e-02]
    [-9.11452845e-02 -1.17526695e-01 -1.67996250e-02  2.30845630e-01
      4.04764079e-02  2.23523989e-01 -1.66289493e-01  3.72424275e-01
     -2.08398014e-01  1.54030621e-01  3.62512141e-01  3.56956311e-02
     -3.27853560e-01  9.47562829e-02  2.04460531e-01  3.38071249e-02]
    [ 3.27223182e-01  2.18951628e-01 -1.11111209e-01 -1.07508779e-01
     -3.90594220e-03  9.37081724e-02  1.39257118e-01 -1.28199765e-02
     -1.01228222e-01  1.53299034e-01  2.82839924e-01 -4.01234359e-01
      2.06372321e-01 -4.81262244e-02 -1.66442648e-01  3.73759563e-03]
    [-1.69118792e-01  2.39412889e-01 -6.06335662e-02  2.68180519e-02
     -5.08107603e-01  7.54723698e-02 -3.94145101e-02 -3.98754850e-02
      2.34443039e-01 -2.31284812e-01 -3.37441862e-01  1.10625744e-01
     -1.42772645e-01  2.76477516e-01  8.92561302e-03 -1.04374386e-01]
    [-8.41217414e-02  1.96887832e-02 -2.35501900e-01  1.09036133e-01
     -6.72885999e-02 -1.80721119e-01 -7.13865459e-02  1.91381991e-01
      2.54120156e-02 -1.81504577e-01 -2.43804514e-01 -9.48610231e-02
      5.49941324e-02  2.63087600e-01 -2.81574637e-01 -2.87033588e-01]
    [ 6.08851127e-02 -2.62475938e-01  1.69564260e-03 -1.77811339e-01
     -1.75017610e-01  2.83837551e-04  3.25441629e-01  5.15459590e-02
     -4.14646447e-01 -1.39353976e-01  3.52919362e-02 -4.66595978e-01
      1.63962897e-02 -1.06178664e-01  3.88135195e-01 -3.25890988e-01]
    [ 2.05544055e-01 -1.98616177e-01 -3.91175777e-01  3.37328687e-02
     -3.48384418e-02  4.03073519e-01  2.68169612e-01  1.40883133e-01
     -2.31099129e-01  1.36338342e-02  1.48088187e-01 -1.48146063e-01
      7.84999803e-02  6.75944686e-02  1.73749655e-01  5.85927861e-03]]]]



 [[[[-1.85650140e-01 -1.11733176e-01 -2.88275592e-02 -1.08525328e-01
     -1.69990823e-01  1.56197831e-01 -1.03088424e-01 -4.12746280e-01
     -8.46902207e-02 -1.45516247e-01 -7.73375407e-02 -2.68836040e-02
     -3.25003147e-01 -3.81660670e-01  1.47971123e-01  2.38727266e-03]
    [-2.93140654e-02 -3.34760882e-02 -8.52445662e-02  5.71530983e-02
     -6.61471859e-02  1.51451081e-01  1.85854182e-01  1.04534095e-02
     -3.83701064e-02 -3.53803992e-01 -2.29729697e-01  2.04670444e-01
     -2.74534702e-01  1.15941294e-01  1.87601700e-01 -4.46019471e-01]
    [-1.90540310e-02 -3.36093247e-01 -1.19319901e-01  4.23010707e-01
      2.80426621e-01  1.99997760e-02  2.72823066e-01  4.08053011e-01
     -1.77539466e-03  1.79256871e-01  9.30816904e-02 -1.39127344e-01
     -2.51332819e-01  6.40326887e-02  3.35984677e-01 -2.63778001e-01]
    [-1.45464139e-02  2.04589590e-01  2.31740043e-01  1.76300332e-01
      1.05933920e-01  2.53197193e-01  3.29520404e-01  1.19546585e-01
     -1.77124143e-01 -2.86421120e-01  4.96787811e-03  3.36443335e-02
      2.88833887e-03 -3.35300833e-01  2.14106038e-01  1.08251512e-01]
    [ 1.88472882e-01 -4.62906100e-02 -2.35389635e-01  1.08803041e-01
      2.55315751e-01 -1.89994797e-01 -1.43968791e-01  2.69861907e-01
      3.91772628e-01  1.67730659e-01  9.06164125e-02 -1.13605492e-01
      2.51310654e-02  1.08037837e-01 -5.39223552e-02  3.50669682e-01]
    [ 3.81915532e-02  2.45972142e-01 -4.90762591e-02 -5.80454394e-02
     -2.00058520e-01  4.20627385e-01  1.44119680e-01  1.84312239e-01
     -8.66340250e-02 -1.72601297e-01 -1.64924905e-01 -1.38350338e-01
     -1.31663727e-03 -1.93134964e-01  3.49488291e-05 -3.45659286e-01]
    [-2.64764696e-01 -2.56690234e-01  7.33617833e-03 -2.61115640e-01
      2.58985281e-01 -3.38403940e-01 -4.44486678e-01 -1.80978790e-01
     -7.74337128e-02 -3.11607778e-01 -3.00511103e-02 -1.41428709e-01
      5.20166643e-02 -1.61180779e-01  1.69884071e-01 -9.63507220e-02]
    [ 1.03929266e-01  2.41171699e-02  1.82971969e-01 -8.84922221e-02
     -1.72180220e-01 -2.14112028e-01  2.26824731e-02  3.29905674e-02
     -2.35354736e-01  3.81205305e-02 -9.33984593e-02  2.53004190e-02
     -1.70220599e-01  2.44043052e-01 -1.67920798e-01 -4.60713685e-01]
    [-3.40881824e-01  1.41391933e-01  8.02591816e-02  7.85441250e-02
     -1.67056829e-01 -4.05812025e-01  3.54411011e-03 -1.42431751e-01
     -1.59894779e-01  8.82798210e-02  3.92638952e-01  1.52652815e-01
      8.16012695e-02  1.67149782e-01  3.32552582e-01 -3.73938352e-01]
    [-8.27284530e-02  4.26022001e-02  2.99903572e-01 -9.06052217e-02
      6.68491796e-02  1.18358888e-01  2.07327962e-01 -2.42229432e-01
     -2.29130283e-01  1.45051897e-01 -2.16094553e-01 -3.75506788e-01
     -3.81122641e-02 -2.45365933e-01 -2.28979304e-01  2.94966996e-01]
    [ 4.81304452e-02 -1.05293415e-01  1.50616363e-01  1.80017797e-03
     -2.79314984e-02  1.00221582e-01 -1.38889745e-01 -4.04354990e-01
     -1.22362055e-01  6.66283146e-02 -1.29104540e-01  5.17437868e-02
      3.74967426e-01  2.89223399e-02  3.35485153e-02 -8.95751938e-02]
    [-8.70356485e-02 -4.79660146e-02  4.22716327e-02  4.29093800e-02
      1.86703593e-01 -1.93275437e-01 -1.64517060e-01  2.14061692e-01
      9.84164402e-02  2.24895060e-01 -2.41005316e-01 -3.51033539e-01
      2.48529553e-01  2.39544794e-01 -2.85158575e-01 -2.47459278e-01]
    [-1.81341693e-01 -2.50017494e-01 -1.47058934e-01  2.12658867e-01
      7.80692473e-02  1.77070469e-01 -2.93191848e-03 -2.11833403e-01
     -2.35983799e-03 -3.19367230e-01  6.65810108e-02 -2.57422417e-01
      3.01931389e-02 -2.65215605e-01 -2.92514190e-02  5.67181362e-03]
    [ 2.08360404e-02 -8.87332857e-02  1.53639272e-01 -1.77583933e-01
      3.66354257e-01  6.70555755e-02  3.81887481e-02 -4.79179740e-01
      3.10765743e-01  1.30223762e-02 -1.06057050e-02 -2.20154941e-01
     -2.36879855e-01 -5.49507916e-01 -2.75823832e-01 -8.31390545e-02]
    [ 7.12716803e-02 -3.31348985e-01 -7.74099827e-02  1.92545593e-01
      7.88116530e-02  2.10988417e-01 -5.64149730e-02 -7.63425529e-02
     -2.66034752e-01 -2.14261621e-01 -1.02273412e-01  3.74866337e-01
     -2.96664853e-02 -1.60147175e-01  8.05229396e-02 -5.74461557e-03]
    [-3.03655826e-02  1.22571208e-01 -7.89806172e-02 -5.27066877e-04
      2.76579857e-01  1.26093775e-01  6.45510033e-02  4.36152108e-02
     -1.24834478e-01 -3.69820297e-02 -2.91939755e-03 -3.83070171e-01
      8.21173862e-02 -2.86531836e-01  1.76479712e-01 -2.76921708e-02]]]]]
Flattened value shape: (48, 16)
Flattened value:
[[ 2.02184007e-01  5.60436584e-02 -3.28523032e-02  1.38237581e-01
   2.92291623e-02  1.69752553e-01  1.80653766e-01  7.96281695e-02
   3.43362391e-01 -3.07370216e-01 -6.33334145e-02 -2.77644068e-01
   7.27738366e-02  7.77592650e-03 -1.40312806e-01 -1.24735482e-01]
 [-3.40378881e-01 -1.39269978e-01  2.61864007e-01 -4.20782983e-01
  -3.14389616e-01  2.54672974e-01  2.56753005e-02  1.33388370e-01
   2.37704329e-02 -6.95197703e-03 -2.63055321e-02  2.01680765e-01
   3.73746932e-01  1.68989554e-01  2.15600148e-01  3.76064420e-01]
 [-2.42451683e-01  2.75200367e-01  6.01982996e-02  1.83658853e-01
   6.10469654e-02 -1.35680065e-01 -2.32829615e-01 -2.04200342e-01
   2.78327856e-02 -1.30175665e-01 -2.50613242e-01 -2.02376634e-01
  -3.21343280e-02 -8.01818147e-02 -2.55273968e-01 -3.28180641e-01]
 [-6.56479001e-02 -2.63353646e-01 -6.04160428e-02 -2.46656388e-01
  -6.69036359e-02  1.91263452e-01 -1.50635526e-01  4.54098992e-02
   1.15612499e-01 -7.88083971e-02 -2.09025189e-01 -3.66138071e-01
  -2.11694717e-01  1.15942545e-01  2.57718712e-01  2.61399567e-01]
 [-2.53479868e-01 -1.55873910e-01 -1.05684593e-01 -1.03409342e-01
  -2.33841255e-01  9.25121903e-02 -8.89836848e-02 -7.90395066e-02
  -4.67656627e-02  2.02038258e-01  1.91237591e-02 -5.32725900e-02
   3.18023860e-01 -3.18227202e-01  3.79533082e-01  2.33017877e-01]
 [ 1.22048691e-01  1.74289912e-01 -1.72788605e-01  1.93024158e-01
  -2.19264373e-01 -1.99614644e-01 -1.95965290e-01  1.53833315e-01
   1.05915353e-01  2.04231963e-01  4.06391174e-02  4.77157943e-02
   2.00881898e-01 -8.34519118e-02  1.90257490e-01  3.27019006e-01]
 [-2.18851015e-01  5.72345126e-03 -9.31553394e-02  1.64109334e-01
  -1.47433817e-01 -1.33267865e-01  3.55978698e-01 -1.11382328e-01
  -2.21731197e-02  1.30267188e-01  7.49190003e-02  2.86990076e-01
   2.06535518e-01  5.75858131e-02  1.49281561e-01 -2.74079263e-01]
 [-2.57874519e-01 -2.23240070e-02  7.24298954e-02 -2.19902486e-01
   2.19046667e-01  3.17041993e-01 -2.92505682e-01 -9.09627974e-02
   1.16171479e-01 -3.34830433e-01 -4.03754175e-01 -5.16297556e-02
   5.01305284e-03  1.44844074e-02 -3.04164141e-01 -3.98051262e-01]
 [-1.97874948e-01 -7.67398998e-02 -1.68203413e-01 -8.41196328e-02
  -5.31135723e-02 -8.22177678e-02 -7.28682056e-02 -2.27648348e-01
  -1.10671677e-01  2.28712797e-01 -2.97087394e-02 -2.32842281e-01
  -5.33282943e-02  1.00906581e-01 -8.29063132e-02 -5.22971153e-03]
 [ 1.80665210e-01 -3.53245214e-02 -1.02582663e-01 -2.99784355e-02
  -3.05984646e-01 -7.85740167e-02  3.39271218e-01  2.23680601e-01
   4.11031917e-02  2.42101982e-01  2.32538179e-01  8.57735276e-02
  -3.07122141e-01 -3.63308787e-01  2.29966249e-02 -1.53232262e-01]
 [ 2.50742167e-01  8.16404149e-02  1.02200009e-01  4.28031608e-02
   3.96059573e-01 -3.03847462e-01 -1.28435567e-01  1.25691891e-01
   2.31938586e-01 -1.53060630e-01 -1.34327397e-01 -4.29418445e-01
  -3.81631851e-02  5.13536856e-02 -2.14472249e-01  1.03162657e-02]
 [-2.54946530e-01  3.51726830e-01  2.63791382e-02 -1.38155445e-01
   3.02557856e-01  8.81287456e-02 -3.58925015e-02 -1.31095424e-01
  -1.31010130e-01 -1.62786663e-01 -9.70101636e-03  1.78412169e-01
  -3.23191792e-01  7.97254890e-02 -1.42948031e-01 -6.62243068e-02]
 [-2.85326153e-01  1.60685778e-01  1.26325458e-01 -3.65567625e-01
   1.21758044e-01  1.15648292e-01  8.64399374e-02  1.16599776e-01
  -1.55383825e-01  3.73976588e-01  3.84574085e-01 -1.08266070e-01
  -2.22745463e-01  8.47628992e-03  4.23165224e-02  3.34741473e-02]
 [ 7.55369663e-02 -2.51528740e-01 -3.64089459e-01 -1.58539619e-02
  -1.98914587e-01  4.06158380e-02  1.58893764e-01  1.93334863e-01
  -4.40382749e-01  2.56141245e-01 -1.02997996e-01  1.84262425e-01
  -2.15723008e-01  2.31424514e-02  2.08662838e-01  9.52354968e-02]
 [-1.02386344e-02 -2.21259333e-02 -7.16175810e-02 -1.46761850e-01
   2.55252291e-02 -3.58095855e-01 -4.67103988e-01 -5.92703349e-04
   1.35044828e-01  1.92438349e-01 -5.19734174e-02 -1.70166492e-01
  -6.56868815e-02  1.83802456e-01 -1.07084766e-01 -7.29136914e-02]
 [ 3.34054716e-02  2.81524360e-02 -1.35340422e-01  2.36369878e-01
   1.26578927e-01  8.78521279e-02 -3.40333283e-02  2.41206829e-02
   5.05319126e-02 -2.22604841e-01  9.65702236e-02  1.44026533e-01
   2.05748275e-01  3.19486499e-01  4.47137833e-01  1.83863342e-01]
 [-3.76465887e-01 -7.41748661e-02 -5.43906428e-02  1.31247500e-02
   4.07309443e-01 -2.77743880e-02 -2.77359188e-02  2.54286453e-02
  -1.76954448e-01 -9.18237567e-02 -1.55902235e-02  1.94591403e-01
  -2.09122464e-01  1.35638833e-01 -5.70889339e-02  5.32866977e-02]
 [-4.00364548e-01 -8.06559846e-02 -6.67251721e-02  1.39266695e-03
   1.76341012e-01  2.48733819e-01 -2.48458236e-02 -2.59593390e-02
  -1.41591737e-02  9.29878876e-02 -4.02217031e-01 -7.90355280e-02
  -4.09965545e-01  1.22728638e-01  1.38824180e-01  4.35517788e-01]
 [ 5.99661954e-02  2.57013083e-01  1.08421668e-01 -3.74778956e-01
  -3.59898135e-02  2.06244051e-01  1.12050287e-01 -5.45406016e-03
  -3.79629940e-01 -1.10259771e-01 -3.09604526e-01  3.55626523e-01
  -8.77668429e-03  1.51458234e-01  1.83373198e-01  2.04498380e-01]
 [-1.86792806e-01  1.57626927e-01 -2.96047747e-01 -8.17288384e-02
   1.14488043e-01 -1.26334712e-01  1.46945924e-01 -1.89759269e-01
  -9.00143608e-02 -2.37919036e-02  2.90755510e-01  1.32757992e-01
  -1.42708048e-01 -3.00746672e-02  1.50610898e-02 -2.25203931e-01]
 [-1.92089215e-01 -3.63058969e-02 -1.66867822e-01 -7.94626586e-03
  -1.30295172e-01  3.87480408e-01  3.00335139e-01 -7.36855865e-02
  -8.08255747e-02  2.02363074e-01  5.49460351e-02  7.85486400e-02
   1.64990798e-01  2.61129346e-02 -3.29260856e-01 -1.00225374e-01]
 [ 2.81053603e-01  4.68439758e-01  2.99741805e-01  2.23821133e-01
  -1.59986064e-01  6.19556196e-02 -2.28766456e-01  1.33252010e-01
  -1.76809445e-01 -1.47708938e-01  1.01322271e-01  3.47222179e-01
   3.81104536e-02 -1.01909764e-01 -3.03243488e-01  1.89443886e-01]
 [-3.19053441e-01  4.14198861e-02 -2.53348470e-01 -6.00394644e-02
  -3.29758674e-01 -1.43337443e-01 -1.30590290e-01  2.46563151e-01
  -2.27184236e-01 -3.07024866e-02 -1.18436784e-01  2.30065480e-01
  -4.14732277e-01 -2.69817054e-01 -1.99647903e-01 -6.84965402e-03]
 [ 1.42291963e-01 -2.12711781e-01 -2.66902614e-02  3.00311387e-01
  -2.11804166e-01 -2.29134411e-01  2.63228357e-01  9.69197750e-02
   1.39718847e-02 -2.55925525e-02  1.72902524e-01 -8.03058743e-02
   3.26585621e-01  4.35657874e-02  7.93426111e-02  2.62084186e-01]
 [-3.22453082e-01  3.23245823e-01 -2.05879852e-01  3.71621221e-01
  -1.13439783e-01 -1.13640159e-01 -2.23767668e-01  1.22484662e-01
   1.80878654e-01 -2.43494764e-01 -1.26286998e-01 -1.68695059e-02
   3.52841977e-04 -1.97295129e-01  1.03249706e-01 -1.31727576e-01]
 [-3.13009351e-01  1.90483451e-01  2.58707821e-01  3.05365980e-01
  -1.34433374e-01 -1.97408006e-01 -2.77759939e-01 -1.41018227e-01
   1.49176300e-01  1.69311598e-01  1.83904797e-01 -1.85365587e-01
  -2.42917314e-02  1.98249027e-01 -2.15201065e-01  7.28837475e-02]
 [-9.11452845e-02 -1.17526695e-01 -1.67996250e-02  2.30845630e-01
   4.04764079e-02  2.23523989e-01 -1.66289493e-01  3.72424275e-01
  -2.08398014e-01  1.54030621e-01  3.62512141e-01  3.56956311e-02
  -3.27853560e-01  9.47562829e-02  2.04460531e-01  3.38071249e-02]
 [ 3.27223182e-01  2.18951628e-01 -1.11111209e-01 -1.07508779e-01
  -3.90594220e-03  9.37081724e-02  1.39257118e-01 -1.28199765e-02
  -1.01228222e-01  1.53299034e-01  2.82839924e-01 -4.01234359e-01
   2.06372321e-01 -4.81262244e-02 -1.66442648e-01  3.73759563e-03]
 [-1.69118792e-01  2.39412889e-01 -6.06335662e-02  2.68180519e-02
  -5.08107603e-01  7.54723698e-02 -3.94145101e-02 -3.98754850e-02
   2.34443039e-01 -2.31284812e-01 -3.37441862e-01  1.10625744e-01
  -1.42772645e-01  2.76477516e-01  8.92561302e-03 -1.04374386e-01]
 [-8.41217414e-02  1.96887832e-02 -2.35501900e-01  1.09036133e-01
  -6.72885999e-02 -1.80721119e-01 -7.13865459e-02  1.91381991e-01
   2.54120156e-02 -1.81504577e-01 -2.43804514e-01 -9.48610231e-02
   5.49941324e-02  2.63087600e-01 -2.81574637e-01 -2.87033588e-01]
 [ 6.08851127e-02 -2.62475938e-01  1.69564260e-03 -1.77811339e-01
  -1.75017610e-01  2.83837551e-04  3.25441629e-01  5.15459590e-02
  -4.14646447e-01 -1.39353976e-01  3.52919362e-02 -4.66595978e-01
   1.63962897e-02 -1.06178664e-01  3.88135195e-01 -3.25890988e-01]
 [ 2.05544055e-01 -1.98616177e-01 -3.91175777e-01  3.37328687e-02
  -3.48384418e-02  4.03073519e-01  2.68169612e-01  1.40883133e-01
  -2.31099129e-01  1.36338342e-02  1.48088187e-01 -1.48146063e-01
   7.84999803e-02  6.75944686e-02  1.73749655e-01  5.85927861e-03]
 [-1.85650140e-01 -1.11733176e-01 -2.88275592e-02 -1.08525328e-01
  -1.69990823e-01  1.56197831e-01 -1.03088424e-01 -4.12746280e-01
  -8.46902207e-02 -1.45516247e-01 -7.73375407e-02 -2.68836040e-02
  -3.25003147e-01 -3.81660670e-01  1.47971123e-01  2.38727266e-03]
 [-2.93140654e-02 -3.34760882e-02 -8.52445662e-02  5.71530983e-02
  -6.61471859e-02  1.51451081e-01  1.85854182e-01  1.04534095e-02
  -3.83701064e-02 -3.53803992e-01 -2.29729697e-01  2.04670444e-01
  -2.74534702e-01  1.15941294e-01  1.87601700e-01 -4.46019471e-01]
 [-1.90540310e-02 -3.36093247e-01 -1.19319901e-01  4.23010707e-01
   2.80426621e-01  1.99997760e-02  2.72823066e-01  4.08053011e-01
  -1.77539466e-03  1.79256871e-01  9.30816904e-02 -1.39127344e-01
  -2.51332819e-01  6.40326887e-02  3.35984677e-01 -2.63778001e-01]
 [-1.45464139e-02  2.04589590e-01  2.31740043e-01  1.76300332e-01
   1.05933920e-01  2.53197193e-01  3.29520404e-01  1.19546585e-01
  -1.77124143e-01 -2.86421120e-01  4.96787811e-03  3.36443335e-02
   2.88833887e-03 -3.35300833e-01  2.14106038e-01  1.08251512e-01]
 [ 1.88472882e-01 -4.62906100e-02 -2.35389635e-01  1.08803041e-01
   2.55315751e-01 -1.89994797e-01 -1.43968791e-01  2.69861907e-01
   3.91772628e-01  1.67730659e-01  9.06164125e-02 -1.13605492e-01
   2.51310654e-02  1.08037837e-01 -5.39223552e-02  3.50669682e-01]
 [ 3.81915532e-02  2.45972142e-01 -4.90762591e-02 -5.80454394e-02
  -2.00058520e-01  4.20627385e-01  1.44119680e-01  1.84312239e-01
  -8.66340250e-02 -1.72601297e-01 -1.64924905e-01 -1.38350338e-01
  -1.31663727e-03 -1.93134964e-01  3.49488291e-05 -3.45659286e-01]
 [-2.64764696e-01 -2.56690234e-01  7.33617833e-03 -2.61115640e-01
   2.58985281e-01 -3.38403940e-01 -4.44486678e-01 -1.80978790e-01
  -7.74337128e-02 -3.11607778e-01 -3.00511103e-02 -1.41428709e-01
   5.20166643e-02 -1.61180779e-01  1.69884071e-01 -9.63507220e-02]
 [ 1.03929266e-01  2.41171699e-02  1.82971969e-01 -8.84922221e-02
  -1.72180220e-01 -2.14112028e-01  2.26824731e-02  3.29905674e-02
  -2.35354736e-01  3.81205305e-02 -9.33984593e-02  2.53004190e-02
  -1.70220599e-01  2.44043052e-01 -1.67920798e-01 -4.60713685e-01]
 [-3.40881824e-01  1.41391933e-01  8.02591816e-02  7.85441250e-02
  -1.67056829e-01 -4.05812025e-01  3.54411011e-03 -1.42431751e-01
  -1.59894779e-01  8.82798210e-02  3.92638952e-01  1.52652815e-01
   8.16012695e-02  1.67149782e-01  3.32552582e-01 -3.73938352e-01]
 [-8.27284530e-02  4.26022001e-02  2.99903572e-01 -9.06052217e-02
   6.68491796e-02  1.18358888e-01  2.07327962e-01 -2.42229432e-01
  -2.29130283e-01  1.45051897e-01 -2.16094553e-01 -3.75506788e-01
  -3.81122641e-02 -2.45365933e-01 -2.28979304e-01  2.94966996e-01]
 [ 4.81304452e-02 -1.05293415e-01  1.50616363e-01  1.80017797e-03
  -2.79314984e-02  1.00221582e-01 -1.38889745e-01 -4.04354990e-01
  -1.22362055e-01  6.66283146e-02 -1.29104540e-01  5.17437868e-02
   3.74967426e-01  2.89223399e-02  3.35485153e-02 -8.95751938e-02]
 [-8.70356485e-02 -4.79660146e-02  4.22716327e-02  4.29093800e-02
   1.86703593e-01 -1.93275437e-01 -1.64517060e-01  2.14061692e-01
   9.84164402e-02  2.24895060e-01 -2.41005316e-01 -3.51033539e-01
   2.48529553e-01  2.39544794e-01 -2.85158575e-01 -2.47459278e-01]
 [-1.81341693e-01 -2.50017494e-01 -1.47058934e-01  2.12658867e-01
   7.80692473e-02  1.77070469e-01 -2.93191848e-03 -2.11833403e-01
  -2.35983799e-03 -3.19367230e-01  6.65810108e-02 -2.57422417e-01
   3.01931389e-02 -2.65215605e-01 -2.92514190e-02  5.67181362e-03]
 [ 2.08360404e-02 -8.87332857e-02  1.53639272e-01 -1.77583933e-01
   3.66354257e-01  6.70555755e-02  3.81887481e-02 -4.79179740e-01
   3.10765743e-01  1.30223762e-02 -1.06057050e-02 -2.20154941e-01
  -2.36879855e-01 -5.49507916e-01 -2.75823832e-01 -8.31390545e-02]
 [ 7.12716803e-02 -3.31348985e-01 -7.74099827e-02  1.92545593e-01
   7.88116530e-02  2.10988417e-01 -5.64149730e-02 -7.63425529e-02
  -2.66034752e-01 -2.14261621e-01 -1.02273412e-01  3.74866337e-01
  -2.96664853e-02 -1.60147175e-01  8.05229396e-02 -5.74461557e-03]
 [-3.03655826e-02  1.22571208e-01 -7.89806172e-02 -5.27066877e-04
   2.76579857e-01  1.26093775e-01  6.45510033e-02  4.36152108e-02
  -1.24834478e-01 -3.69820297e-02 -2.91939755e-03 -3.83070171e-01
   8.21173862e-02 -2.86531836e-01  1.76479712e-01 -2.76921708e-02]]