Key: conv3d_5/conv3d_5/bias:0
Value shape: (32,)
Value:
[ 1.46081075e-02  1.39535703e-02  5.14145307e-02 -9.71368887e-03
  5.88616282e-02 -7.19346106e-03  5.04679084e-02  1.55905038e-02
  5.59455802e-05 -2.61553079e-02 -3.22193988e-02  4.52348702e-02
 -3.33356187e-02  1.79766081e-02 -2.28045788e-02 -3.57387052e-03
 -4.58583944e-02  4.73014750e-02 -3.25650610e-02 -3.64415608e-02
 -1.31191807e-02 -1.23884948e-02  4.58812155e-02 -1.63155515e-02
 -7.11551867e-03 -5.42106293e-03  7.69959986e-02 -3.66974622e-03
 -2.78122146e-02  2.24210136e-03  6.72826841e-02 -4.65133553e-03]
Flattened value shape: (1, 32)
Flattened value:
[[ 1.46081075e-02  1.39535703e-02  5.14145307e-02 -9.71368887e-03
   5.88616282e-02 -7.19346106e-03  5.04679084e-02  1.55905038e-02
   5.59455802e-05 -2.61553079e-02 -3.22193988e-02  4.52348702e-02
  -3.33356187e-02  1.79766081e-02 -2.28045788e-02 -3.57387052e-03
  -4.58583944e-02  4.73014750e-02 -3.25650610e-02 -3.64415608e-02
  -1.31191807e-02 -1.23884948e-02  4.58812155e-02 -1.63155515e-02
  -7.11551867e-03 -5.42106293e-03  7.69959986e-02 -3.66974622e-03
  -2.78122146e-02  2.24210136e-03  6.72826841e-02 -4.65133553e-03]]