Key: conv3d_5/conv3d_5/kernel:0
Value shape: (1, 3, 3, 16, 32)
Value:
[[[[[ 0.02695952 -0.07159559 -0.04542877 ... -0.18266876 -0.08282509
      0.064632  ]
    [-0.08414514 -0.08126993  0.03186021 ... -0.02197875  0.01331037
      0.16588001]
    [-0.04627054 -0.01984014 -0.1651768  ...  0.0417389   0.13309105
     -0.07944404]
    ...
    [-0.17750335 -0.04238739  0.12683073 ...  0.179351   -0.0831366
     -0.12758073]
    [-0.06266229 -0.08022299  0.11430895 ...  0.13310006  0.05722854
     -0.19496422]
    [ 0.137926   -0.07378191 -0.0069448  ... -0.01837621 -0.19816959
      0.10775128]]

   [[-0.10155256  0.09396467  0.1084664  ...  0.20750323 -0.08040226
      0.12244145]
    [ 0.13969108 -0.03563676 -0.02514086 ...  0.08925883  0.13691558
      0.17393532]
    [-0.10845628 -0.05791329 -0.14453015 ... -0.07219905 -0.07939993
     -0.05393878]
    ...
    [-0.05115003 -0.0156689  -0.20453952 ...  0.2297194  -0.03329452
     -0.00549384]
    [-0.04422451  0.24586388 -0.08295062 ... -0.0666995  -0.00686552
     -0.06344366]
    [-0.07098403 -0.20297715  0.07957736 ... -0.03507264  0.08058076
     -0.17604522]]

   [[-0.04084079  0.04247724 -0.08368036 ...  0.18309878 -0.00416274
     -0.00705961]
    [-0.06638621  0.2052785   0.22165823 ...  0.06456766  0.21257311
     -0.01339031]
    [-0.05013943 -0.02549951  0.11887929 ...  0.2329747  -0.02126767
      0.07768038]
    ...
    [ 0.12150408  0.05560901  0.02746349 ... -0.21072143 -0.0257367
     -0.04245874]
    [-0.23550552 -0.14046066  0.21205662 ...  0.07011989 -0.01076737
     -0.07047468]
    [ 0.05119261  0.10771316  0.0302559  ...  0.0382033   0.03863595
     -0.1665996 ]]]


  [[[ 0.07639734 -0.25613153 -0.2645355  ... -0.07054068  0.160654
     -0.25176233]
    [-0.10369207 -0.22844777  0.03190003 ... -0.21312739 -0.10329577
      0.10036457]
    [-0.06311086 -0.00190698 -0.03980725 ... -0.01070789 -0.09419174
     -0.09199889]
    ...
    [-0.01004244  0.30523244  0.08965783 ... -0.08749064  0.0586444
      0.0223271 ]
    [ 0.18108809 -0.05788048  0.08732302 ... -0.09209881 -0.10451207
     -0.00175657]
    [-0.11269499 -0.12127814  0.07385665 ... -0.18830998  0.17647682
      0.20490853]]

   [[-0.16189785 -0.10021086  0.13184999 ... -0.17583573  0.22946464
     -0.09566269]
    [-0.21828794  0.16423234  0.02010219 ...  0.00490451  0.22156855
      0.04706131]
    [-0.21817614  0.04738249  0.03922301 ...  0.03848648 -0.24327178
      0.0610639 ]
    ...
    [-0.08566701  0.07270611 -0.034351   ...  0.02128304  0.00150755
     -0.04598473]
    [ 0.00551694 -0.07005876  0.04290585 ...  0.1992379  -0.05054342
     -0.22769068]
    [ 0.09020932  0.11522194  0.15273342 ...  0.23451725  0.12863068
      0.0108438 ]]

   [[ 0.11289757  0.05693603 -0.1277227  ...  0.11971425  0.1507061
     -0.06409361]
    [ 0.00087605 -0.06838369 -0.03173834 ...  0.07462016 -0.21078432
      0.0141609 ]
    [ 0.01177691  0.01072803 -0.08453656 ... -0.16525616 -0.08382431
     -0.01975595]
    ...
    [-0.14227131 -0.03984307  0.01295358 ...  0.05970893  0.19311787
      0.22041574]
    [ 0.09058878 -0.21666037  0.21308035 ...  0.2608103  -0.0144341
      0.05323473]
    [ 0.189219    0.03557819 -0.00762038 ... -0.19451176 -0.16913675
      0.1361447 ]]]


  [[[-0.09252986  0.11371191  0.04482967 ... -0.02086241 -0.03674957
      0.2232684 ]
    [-0.15934385  0.08615706 -0.18886627 ... -0.10337099 -0.19007245
     -0.05750979]
    [ 0.1846807  -0.13024722 -0.07997406 ...  0.03509626  0.04593406
      0.06401316]
    ...
    [ 0.10736189  0.04658251  0.03937096 ...  0.17157729 -0.0417093
     -0.0305255 ]
    [ 0.02685573  0.0578376  -0.23381516 ...  0.09024545  0.08667726
     -0.25503606]
    [ 0.03032847  0.07639065  0.17194575 ... -0.05069202 -0.03783232
      0.1598883 ]]

   [[ 0.129036    0.1268857  -0.01480925 ... -0.01374735 -0.10151292
      0.0253114 ]
    [ 0.16721997  0.15814424 -0.14207056 ...  0.17077576  0.07657489
     -0.03771374]
    [-0.14745316 -0.10037331 -0.21886137 ... -0.06385255  0.04682093
      0.18838747]
    ...
    [ 0.09287126  0.20544614 -0.07629351 ...  0.1519613   0.09834311
      0.04432594]
    [ 0.05846377  0.07683355 -0.1283275  ...  0.1056424   0.19747889
     -0.1520291 ]
    [-0.11611159 -0.05760319 -0.04357919 ...  0.08783831 -0.05001165
      0.12935904]]

   [[-0.00238812 -0.1597358  -0.0945442  ...  0.07554705 -0.01117374
      0.23872532]
    [-0.0702797   0.08252098 -0.1648974  ...  0.23519433 -0.0130683
     -0.00567461]
    [ 0.11521602 -0.13783373  0.22195403 ... -0.10880276 -0.24541138
     -0.0313961 ]
    ...
    [ 0.13587445 -0.01793656  0.00540483 ...  0.21491502 -0.04574605
     -0.04983409]
    [-0.03460133 -0.03471822  0.18330221 ... -0.12607908 -0.06490969
      0.18768637]
    [ 0.10242741 -0.16022766  0.05891282 ... -0.12827241  0.0613069
     -0.12390404]]]]]
Flattened value shape: (144, 32)
Flattened value:
[[ 0.02695952 -0.07159559 -0.04542877 ... -0.18266876 -0.08282509
   0.064632  ]
 [-0.08414514 -0.08126993  0.03186021 ... -0.02197875  0.01331037
   0.16588001]
 [-0.04627054 -0.01984014 -0.1651768  ...  0.0417389   0.13309105
  -0.07944404]
 ...
 [ 0.13587445 -0.01793656  0.00540483 ...  0.21491502 -0.04574605
  -0.04983409]
 [-0.03460133 -0.03471822  0.18330221 ... -0.12607908 -0.06490969
   0.18768637]
 [ 0.10242741 -0.16022766  0.05891282 ... -0.12827241  0.0613069
  -0.12390404]]
