Key: conv3d_6/conv3d_6/bias:0
Value shape: (32,)
Value:
[ 0.02634006 -0.00920442  0.0209643  -0.04478944  0.05673637 -0.0056995
  0.05596953  0.08657942 -0.00649728  0.06390139  0.02312241  0.08330967
  0.00985857  0.04966357  0.00164659  0.10501134  0.01846336  0.0023161
  0.05886069 -0.01207048  0.03619654 -0.00352244 -0.00521862  0.06022137
  0.06953275 -0.02035672 -0.00305364  0.01860934  0.03221393 -0.03619366
  0.06567861  0.0072281 ]
Flattened value shape: (1, 32)
Flattened value:
[[ 0.02634006 -0.00920442  0.0209643  -0.04478944  0.05673637 -0.0056995
   0.05596953  0.08657942 -0.00649728  0.06390139  0.02312241  0.08330967
   0.00985857  0.04966357  0.00164659  0.10501134  0.01846336  0.0023161
   0.05886069 -0.01207048  0.03619654 -0.00352244 -0.00521862  0.06022137
   0.06953275 -0.02035672 -0.00305364  0.01860934  0.03221393 -0.03619366
   0.06567861  0.0072281 ]]
