Key: conv3d_6/conv3d_6/kernel:0
Value shape: (3, 1, 1, 32, 32)
Value:
[[[[[-0.04081579 -0.0556916   0.13383766 ...  0.14612523  0.06013456
     -0.01102381]
    [-0.06788319  0.19533274 -0.10076926 ...  0.20036583 -0.03885916
      0.0401453 ]
    [ 0.02670738 -0.00953715  0.14825356 ...  0.0286105  -0.04014716
      0.14912987]
    ...
    [-0.20266727 -0.3139818   0.11312854 ... -0.08882462 -0.1059726
     -0.17763168]
    [ 0.05510841  0.28424713  0.01711304 ... -0.2826298  -0.169638
      0.05476779]
    [ 0.09368903  0.02191082 -0.00214244 ... -0.07666358 -0.26584113
     -0.0346419 ]]]]



 [[[[ 0.06638022  0.07343704 -0.08456898 ... -0.05323074  0.0729169
     -0.00341826]
    [ 0.11049517 -0.25802618 -0.08092365 ... -0.02102626  0.20507275
     -0.01179267]
    [ 0.05791143  0.09328135  0.11045641 ... -0.11138781  0.22567993
     -0.07102729]
    ...
    [-0.12822548 -0.18479726 -0.20524439 ...  0.0661419   0.094672
     -0.12814572]
    [ 0.24738258  0.04287464  0.22436447 ...  0.01643407 -0.00807866
     -0.12168707]
    [ 0.25023097  0.02303053 -0.03472316 ... -0.10211147  0.03048746
     -0.01308071]]]]



 [[[[ 0.08749575 -0.13531595 -0.1158335  ...  0.2151871  -0.07089967
     -0.00456059]
    [-0.22706324 -0.08361656  0.00276062 ... -0.1314433  -0.17026892
      0.29185057]
    [-0.0789856   0.20454061  0.07483223 ...  0.06212694 -0.0465538
     -0.17037939]
    ...
    [-0.08136622 -0.14280955 -0.23820902 ... -0.06078582 -0.06748772
      0.08248549]
    [ 0.05634819  0.0466417   0.02272474 ... -0.0764416   0.03988555
      0.14761323]
    [-0.1169757  -0.05773216  0.14492442 ... -0.14320281  0.06835776
      0.0976382 ]]]]]
Flattened value shape: (96, 32)
Flattened value:
[[-0.04081579 -0.0556916   0.13383766 ...  0.14612523  0.06013456
  -0.01102381]
 [-0.06788319  0.19533274 -0.10076926 ...  0.20036583 -0.03885916
   0.0401453 ]
 [ 0.02670738 -0.00953715  0.14825356 ...  0.0286105  -0.04014716
   0.14912987]
 ...
 [-0.08136622 -0.14280955 -0.23820902 ... -0.06078582 -0.06748772
   0.08248549]
 [ 0.05634819  0.0466417   0.02272474 ... -0.0764416   0.03988555
   0.14761323]
 [-0.1169757  -0.05773216  0.14492442 ... -0.14320281  0.06835776
   0.0976382 ]]
