Key: conv3d_7/conv3d_7/bias:0
Value shape: (32,)
Value:
[-0.02450703 -0.00250958 -0.01489202 -0.01505268 -0.04266512 -0.04889001
 -0.05586663 -0.04503741  0.10735136 -0.01785246 -0.01856126 -0.0269249
 -0.01530616  0.06020596  0.00040868 -0.0158673  -0.02928106  0.0533159
  0.02927241  0.00337011  0.01161272 -0.01081681  0.12588915 -0.02597451
 -0.02239094  0.15782005  0.07454373  0.16125466 -0.00284046 -0.02860223
 -0.01219988  0.00995742]
Flattened value shape: (1, 32)
Flattened value:
[[-0.02450703 -0.00250958 -0.01489202 -0.01505268 -0.04266512 -0.04889001
  -0.05586663 -0.04503741  0.10735136 -0.01785246 -0.01856126 -0.0269249
  -0.01530616  0.06020596  0.00040868 -0.0158673  -0.02928106  0.0533159
   0.02927241  0.00337011  0.01161272 -0.01081681  0.12588915 -0.02597451
  -0.02239094  0.15782005  0.07454373  0.16125466 -0.00284046 -0.02860223
  -0.01219988  0.00995742]]