Key: conv3d_7/conv3d_7/kernel:0
Value shape: (1, 3, 3, 32, 32)
Value:
[[[[[ 0.03595172  0.00427499 -0.06977645 ...  0.07190703  0.02412549
      0.05005374]
    [ 0.02614305 -0.15501486  0.08062828 ...  0.129778    0.1635131
     -0.07476913]
    [-0.05562966  0.05891655 -0.15383923 ...  0.03407257 -0.11988254
      0.01795072]
    ...
    [-0.02872088  0.00894419  0.02457126 ...  0.03743017 -0.06315917
     -0.00858286]
    [ 0.0562796  -0.10628261  0.04772289 ...  0.05627697 -0.13391154
      0.1092444 ]
    [-0.04048509  0.10812512 -0.07347524 ... -0.04029953  0.043414
     -0.01008498]]

   [[-0.20045093 -0.00039723 -0.07761791 ...  0.0077549   0.02061344
      0.06192581]
    [ 0.07274606  0.13709609 -0.0315483  ...  0.18405256 -0.02404379
      0.07563757]
    [-0.08675911 -0.0459378   0.08288325 ... -0.06077239 -0.12417728
      0.17613181]
    ...
    [ 0.02728597 -0.02118718  0.07033433 ... -0.13767023  0.00932941
     -0.05873197]
    [-0.04389625  0.0862409  -0.11080034 ... -0.00598115 -0.11363726
     -0.00356328]
    [-0.04534251 -0.10781078 -0.0902023  ...  0.01309959 -0.07124223
     -0.07726718]]

   [[ 0.03062429 -0.16069399 -0.07972253 ... -0.0518329   0.03251601
     -0.02802875]
    [-0.0768927  -0.02078434  0.07314384 ... -0.00848123 -0.0449464
     -0.00438179]
    [-0.11052079  0.0814428  -0.15612197 ... -0.00797448 -0.05957181
      0.15615396]
    ...
    [-0.07219326  0.11486021 -0.03005208 ...  0.06869979  0.09257388
     -0.03359132]
    [-0.1403805  -0.12677723  0.04380077 ... -0.0767626  -0.14561209
      0.12107948]
    [-0.15225558 -0.08839983 -0.00980939 ... -0.13303314 -0.15922901
      0.06146365]]]


  [[[-0.13412611 -0.01312141  0.07779869 ... -0.05308187 -0.14783107
     -0.17734636]
    [-0.02126427 -0.00077659 -0.00370993 ... -0.00573495  0.13095486
      0.1285047 ]
    [ 0.11404682  0.06093253 -0.04876815 ... -0.09056067  0.06366511
      0.08956768]
    ...
    [-0.1411352   0.0343085   0.15314178 ... -0.13646765  0.03372511
     -0.05974868]
    [ 0.01905072  0.1464756  -0.12237799 ... -0.17833243  0.13181777
      0.08578043]
    [ 0.03216852 -0.06265958 -0.02139312 ... -0.12783527  0.03771808
     -0.13305454]]

   [[ 0.03316654 -0.01198285 -0.05716078 ...  0.10711567 -0.09964003
     -0.1119237 ]
    [-0.05181014  0.11005325 -0.03484952 ...  0.1068716   0.11500046
      0.13841078]
    [ 0.0631754   0.16699576  0.04612317 ...  0.09891673  0.01254675
     -0.0086498 ]
    ...
    [-0.06122142 -0.09904488  0.01335596 ...  0.14988936 -0.03154298
      0.09833853]
    [-0.07161633 -0.09499099 -0.18369499 ... -0.0874339   0.04473266
      0.14833048]
    [ 0.08894277 -0.03848971  0.06719004 ...  0.07984743 -0.12405534
     -0.04305547]]

   [[ 0.14532448 -0.06432291 -0.07989882 ... -0.00880347 -0.06416419
     -0.0136833 ]
    [ 0.01714936  0.00233338  0.06295802 ... -0.14826833 -0.04005363
      0.08079131]
    [ 0.09614592 -0.13128042  0.01512173 ...  0.06625117  0.01965586
      0.11128788]
    ...
    [-0.15901475 -0.00952009  0.18293758 ... -0.11557741  0.00610037
      0.04403505]
    [-0.00209406  0.00158217  0.02005088 ...  0.01692451  0.04387552
      0.0978068 ]
    [-0.01512522 -0.12023898 -0.06857751 ... -0.06089947  0.00555211
     -0.01692367]]]


  [[[-0.14339583  0.11456258  0.02513582 ...  0.08723716 -0.0350654
     -0.11850313]
    [ 0.0124439  -0.02075752 -0.03223071 ...  0.16545115 -0.06495858
      0.10506011]
    [ 0.00207286  0.02113818 -0.16234241 ... -0.04611313 -0.1605834
     -0.03510166]
    ...
    [-0.03890403 -0.08442317  0.04838198 ... -0.03049266 -0.13507804
      0.08068725]
    [ 0.06347541 -0.00564432  0.01611508 ... -0.19513921 -0.06986444
     -0.15284112]
    [ 0.05955211 -0.10937918 -0.01966036 ...  0.00691126  0.03630652
     -0.165691  ]]

   [[-0.00041356  0.01896063  0.03505694 ...  0.13351223 -0.20122832
      0.12537198]
    [-0.01191036  0.05705677 -0.10837987 ... -0.01743878  0.06096864
      0.06945505]
    [ 0.0007681  -0.0312413  -0.13696645 ... -0.11877622 -0.07209971
     -0.07822744]
    ...
    [ 0.04728892 -0.17947589 -0.07426949 ... -0.00280377  0.06317507
     -0.05607016]
    [ 0.04887702  0.11510357  0.01614491 ... -0.00208814  0.02070267
     -0.01903268]
    [-0.04916523  0.06427733 -0.01370963 ... -0.00532015  0.09175815
      0.04467349]]

   [[-0.06010118  0.14117998 -0.0708413  ... -0.00915446  0.05565425
     -0.00690041]
    [-0.07957387  0.0379664   0.04161399 ...  0.00029324 -0.14786565
      0.02215133]
    [-0.17137726  0.0461429  -0.08804606 ... -0.05808769 -0.13225773
     -0.05039671]
    ...
    [-0.02948429  0.05199304 -0.12817152 ...  0.01527663 -0.04351667
      0.07567762]
    [-0.11520349  0.13036759  0.02207229 ...  0.00685339 -0.03068783
     -0.01412372]
    [-0.02475335  0.17653993  0.13465014 ...  0.11841626 -0.01311229
     -0.08081853]]]]]
Flattened value shape: (288, 32)
Flattened value:
[[ 0.03595172  0.00427499 -0.06977645 ...  0.07190703  0.02412549
   0.05005374]
 [ 0.02614305 -0.15501486  0.08062828 ...  0.129778    0.1635131
  -0.07476913]
 [-0.05562966  0.05891655 -0.15383923 ...  0.03407257 -0.11988254
   0.01795072]
 ...
 [-0.02948429  0.05199304 -0.12817152 ...  0.01527663 -0.04351667
   0.07567762]
 [-0.11520349  0.13036759  0.02207229 ...  0.00685339 -0.03068783
  -0.01412372]
 [-0.02475335  0.17653993  0.13465014 ...  0.11841626 -0.01311229
  -0.08081853]]
