Key: conv3d_8/conv3d_8/bias:0
Value shape: (32,)
Value:
[ 0.00408822  0.00865764  0.00737734 -0.02538154 -0.06895339 -0.00733304
 -0.019068   -0.12170652 -0.01256268 -0.0515843  -0.07910828 -0.02921014
 -0.04954673 -0.00982825 -0.03898751 -0.05942515 -0.04190867 -0.0241426
  0.01622954 -0.04109204 -0.02606824 -0.04566729  0.00093491 -0.00136642
 -0.03632609 -0.01769752 -0.06193942 -0.01031455  0.00398316  0.05188686
 -0.06820326 -0.05110362]
Flattened value shape: (1, 32)
Flattened value:
[[ 0.00408822  0.00865764  0.00737734 -0.02538154 -0.06895339 -0.00733304
  -0.019068   -0.12170652 -0.01256268 -0.0515843  -0.07910828 -0.02921014
  -0.04954673 -0.00982825 -0.03898751 -0.05942515 -0.04190867 -0.0241426
   0.01622954 -0.04109204 -0.02606824 -0.04566729  0.00093491 -0.00136642
  -0.03632609 -0.01769752 -0.06193942 -0.01031455  0.00398316  0.05188686
  -0.06820326 -0.05110362]]