Key: conv3d_8/conv3d_8/kernel:0
Value shape: (3, 1, 1, 32, 32)
Value:
[[[[[ 0.14261676 -0.05930694 -0.12710057 ... -0.05238258 -0.14756453
     -0.05431974]
    [ 0.02113277 -0.13251616 -0.2543996  ... -0.00050463  0.25111338
     -0.14590277]
    [-0.22132486  0.10035901  0.04087202 ...  0.00696624 -0.05261548
     -0.04256371]
    ...
    [-0.06915639  0.08178166 -0.05685998 ... -0.04740985 -0.02722473
     -0.05402157]
    [ 0.2191711  -0.19574633 -0.0440447  ...  0.1983061   0.26418057
     -0.17842104]
    [ 0.18378231 -0.01682349 -0.05110471 ... -0.15243737 -0.0951027
      0.21055117]]]]



 [[[[-0.03542224 -0.11631042 -0.2455736  ... -0.10577299 -0.03696491
      0.04171701]
    [ 0.08707727 -0.2851247   0.04976198 ... -0.22343794 -0.22507101
      0.01527969]
    [-0.10934556  0.10670536  0.06117048 ... -0.0072911   0.14252344
      0.19845715]
    ...
    [-0.06778283  0.02600339 -0.00318334 ... -0.10169864 -0.05756577
      0.0240427 ]
    [-0.07250624 -0.26099408 -0.12718894 ... -0.08551649  0.10883565
     -0.09683349]
    [ 0.12142846 -0.05075931  0.07082007 ... -0.29650733 -0.2422151
     -0.01125304]]]]



 [[[[ 0.17470102  0.16197993 -0.18095033 ... -0.08349111  0.14890766
      0.10489575]
    [-0.14656079 -0.06380686 -0.01139569 ... -0.10017733  0.12863956
      0.21524186]
    [ 0.14889073  0.21459593 -0.126123   ...  0.00062783 -0.13866654
      0.19329742]
    ...
    [ 0.03826435 -0.3204415  -0.11177234 ... -0.12791903  0.16900665
     -0.2940244 ]
    [-0.11061531 -0.01840254  0.14126255 ...  0.02925518 -0.07079953
      0.03173666]
    [-0.0068767   0.00742822  0.0935518  ...  0.2092242  -0.26989144
     -0.00290006]]]]]
Flattened value shape: (96, 32)
Flattened value:
[[ 0.14261676 -0.05930694 -0.12710057 ... -0.05238258 -0.14756453
  -0.05431974]
 [ 0.02113277 -0.13251616 -0.2543996  ... -0.00050463  0.25111338
  -0.14590277]
 [-0.22132486  0.10035901  0.04087202 ...  0.00696624 -0.05261548
  -0.04256371]
 ...
 [ 0.03826435 -0.3204415  -0.11177234 ... -0.12791903  0.16900665
  -0.2940244 ]
 [-0.11061531 -0.01840254  0.14126255 ...  0.02925518 -0.07079953
   0.03173666]
 [-0.0068767   0.00742822  0.0935518  ...  0.2092242  -0.26989144
  -0.00290006]]
