Key: conv3d_9/conv3d_9/kernel:0
Value shape: (1, 3, 3, 2, 16)
Value:
[[[[[ 0.13317198  0.04499599  0.06396308 -0.41587076  0.18581642
      0.05553541 -0.11771851 -0.36104897  0.06345001 -0.0089569
      0.02564619 -0.25853395 -0.3798352  -0.15299097 -0.06226596
      0.263685  ]
    [-0.25513232  0.5550936   0.44746011  0.476395    0.11193569
     -0.0419492  -0.02320641 -0.22940236 -0.3568763  -0.30529138
     -0.26931676  0.42380932 -0.540591   -0.26277575  0.5268989
     -0.18934692]]

   [[ 0.15436728 -0.42636806  0.39543     0.17735507 -0.13955447
     -0.32423615 -0.50398487 -0.24878433  0.43586835 -0.39778182
     -0.25205395  0.5452215  -0.65075946  0.6080698   0.3664335
      0.43196425]
    [ 0.26649666  0.7335307  -0.03375828  0.34467626  0.6911122
      0.14937602 -0.13053262 -0.48837978  0.5193304   0.18999097
      0.12422825  0.45815414 -0.67485034  0.00892159 -0.2315582
     -0.5241072 ]]

   [[ 0.49449748  0.7166267   0.21460521 -0.13057458 -0.06440599
     -0.47391146 -0.45939893 -0.114261   -0.3949433   0.30769116
     -0.09221663 -0.22314474 -0.38266745 -0.05391988 -0.31450662
     -0.16799523]
    [-0.19529574 -0.12359451  0.15824504  0.4446131   0.33785248
      0.07731768 -0.34665954 -0.20712532 -0.07957342 -0.18649653
     -0.08064298 -0.35086757 -0.46908593  0.34703457 -0.3178319
      0.13281965]]]


  [[[ 0.00396761 -0.15800261  0.52421224  0.35510838  0.3609349
      0.16864231 -0.23874645  0.27803895  0.69261     0.12629996
      0.04214502  0.3919614   0.37880325 -0.13562036 -0.31337345
     -0.05307855]
    [ 0.1338415   0.02757533 -0.35154983  0.37309703  0.11962586
     -0.5378761  -0.09346625 -0.38856807 -0.12965363  0.52067494
     -0.12135405 -0.32977605  0.3195409   0.34967357 -0.34874833
      0.0928644 ]]

   [[-0.6705363  -0.40438896  0.09118596  0.04196842  0.2709669
     -0.02144747  0.13700335 -0.4327542  -0.13457617  0.48791233
     -0.15909974  0.01116791 -0.3067743   0.02968246  0.03933617
      0.2137423 ]
    [-0.3324117  -0.09282276 -0.11807003 -0.16099066  0.17050938
      0.15771808  0.50626296  0.12310181 -0.47993013 -0.3192476
     -0.372102   -0.48357916 -0.42062497  0.25535315 -0.3274237
     -0.55018103]]

   [[ 0.59489703  0.0022768  -0.48264605 -0.71235335  0.18410294
     -0.15516299 -0.02779608 -0.24781932 -0.5171463  -0.2978649
     -0.03289109 -0.6032714   0.02255931  0.11912861 -0.21943502
     -0.44467264]
    [-0.1807397  -0.44290224 -0.11218207 -0.10568863 -0.45951378
      0.23808238 -0.07020275  0.38313854  0.01306681 -0.03623156
      0.18346743  0.10650646 -0.22583948 -0.52628744  0.58926874
     -0.04806731]]]


  [[[ 0.5708703   0.17258865  0.48142993 -0.3441232   0.06708391
     -0.28727975  0.29715583  0.05216822 -0.48207727 -0.6213844
      0.3307136   0.42359906  0.43168154 -0.15987693  0.22805819
     -0.6190913 ]
    [ 0.06781872 -0.2792585  -0.07241981 -0.05569007  0.13411869
     -0.38793507  0.3133822   0.57218814 -0.09880865 -0.01183923
      0.15246098 -0.3480457  -0.10147936  0.04131461 -0.08174776
      0.1486054 ]]

   [[ 0.38235778  0.02010273  0.29276976 -0.5540139   0.34335962
      0.39344707  0.1666626  -0.21600562  0.35416862 -0.05955452
      0.03290214  0.52303374  0.17392752  0.40015873  0.09272207
      0.3792674 ]
    [-0.7033812  -0.1766945   0.44866982  0.22722983 -0.36902013
     -0.5019318  -0.07288707  0.27392045  0.28533992 -0.36314434
     -0.47406274  0.62955636 -0.20433022  0.22544292  0.20783287
     -0.35244566]]

   [[ 0.0456542   0.04269266  0.2662916  -0.61688703 -0.18280573
      0.16476022 -0.715839   -0.3246219  -0.10313937 -0.05233019
     -0.5104871  -0.3046696   0.16650426 -0.49150288 -0.04590879
      0.18139154]
    [ 0.30754822  0.5641955   0.0876186  -0.629505    0.2654112
      0.49220648 -0.5250219  -0.0559715   0.28395927  0.5956026
      0.4910614   0.1724989   0.02667071  0.44998455 -0.05865459
     -0.11272759]]]]]
Flattened value shape: (18, 16)
Flattened value:
[[ 0.13317198  0.04499599  0.06396308 -0.41587076  0.18581642  0.05553541
  -0.11771851 -0.36104897  0.06345001 -0.0089569   0.02564619 -0.25853395
  -0.3798352  -0.15299097 -0.06226596  0.263685  ]
 [-0.25513232  0.5550936   0.44746011  0.476395    0.11193569 -0.0419492
  -0.02320641 -0.22940236 -0.3568763  -0.30529138 -0.26931676  0.42380932
  -0.540591   -0.26277575  0.5268989  -0.18934692]
 [ 0.15436728 -0.42636806  0.39543     0.17735507 -0.13955447 -0.32423615
  -0.50398487 -0.24878433  0.43586835 -0.39778182 -0.25205395  0.5452215
  -0.65075946  0.6080698   0.3664335   0.43196425]
 [ 0.26649666  0.7335307  -0.03375828  0.34467626  0.6911122   0.14937602
  -0.13053262 -0.48837978  0.5193304   0.18999097  0.12422825  0.45815414
  -0.67485034  0.00892159 -0.2315582  -0.5241072 ]
 [ 0.49449748  0.7166267   0.21460521 -0.13057458 -0.06440599 -0.47391146
  -0.45939893 -0.114261   -0.3949433   0.30769116 -0.09221663 -0.22314474
  -0.38266745 -0.05391988 -0.31450662 -0.16799523]
 [-0.19529574 -0.12359451  0.15824504  0.4446131   0.33785248  0.07731768
  -0.34665954 -0.20712532 -0.07957342 -0.18649653 -0.08064298 -0.35086757
  -0.46908593  0.34703457 -0.3178319   0.13281965]
 [ 0.00396761 -0.15800261  0.52421224  0.35510838  0.3609349   0.16864231
  -0.23874645  0.27803895  0.69261     0.12629996  0.04214502  0.3919614
   0.37880325 -0.13562036 -0.31337345 -0.05307855]
 [ 0.1338415   0.02757533 -0.35154983  0.37309703  0.11962586 -0.5378761
  -0.09346625 -0.38856807 -0.12965363  0.52067494 -0.12135405 -0.32977605
   0.3195409   0.34967357 -0.34874833  0.0928644 ]
 [-0.6705363  -0.40438896  0.09118596  0.04196842  0.2709669  -0.02144747
   0.13700335 -0.4327542  -0.13457617  0.48791233 -0.15909974  0.01116791
  -0.3067743   0.02968246  0.03933617  0.2137423 ]
 [-0.3324117  -0.09282276 -0.11807003 -0.16099066  0.17050938  0.15771808
   0.50626296  0.12310181 -0.47993013 -0.3192476  -0.372102   -0.48357916
  -0.42062497  0.25535315 -0.3274237  -0.55018103]
 [ 0.59489703  0.0022768  -0.48264605 -0.71235335  0.18410294 -0.15516299
  -0.02779608 -0.24781932 -0.5171463  -0.2978649  -0.03289109 -0.6032714
   0.02255931  0.11912861 -0.21943502 -0.44467264]
 [-0.1807397  -0.44290224 -0.11218207 -0.10568863 -0.45951378  0.23808238
  -0.07020275  0.38313854  0.01306681 -0.03623156  0.18346743  0.10650646
  -0.22583948 -0.52628744  0.58926874 -0.04806731]
 [ 0.5708703   0.17258865  0.48142993 -0.3441232   0.06708391 -0.28727975
   0.29715583  0.05216822 -0.48207727 -0.6213844   0.3307136   0.42359906
   0.43168154 -0.15987693  0.22805819 -0.6190913 ]
 [ 0.06781872 -0.2792585  -0.07241981 -0.05569007  0.13411869 -0.38793507
   0.3133822   0.57218814 -0.09880865 -0.01183923  0.15246098 -0.3480457
  -0.10147936  0.04131461 -0.08174776  0.1486054 ]
 [ 0.38235778  0.02010273  0.29276976 -0.5540139   0.34335962  0.39344707
   0.1666626  -0.21600562  0.35416862 -0.05955452  0.03290214  0.52303374
   0.17392752  0.40015873  0.09272207  0.3792674 ]
 [-0.7033812  -0.1766945   0.44866982  0.22722983 -0.36902013 -0.5019318
  -0.07288707  0.27392045  0.28533992 -0.36314434 -0.47406274  0.62955636
  -0.20433022  0.22544292  0.20783287 -0.35244566]
 [ 0.0456542   0.04269266  0.2662916  -0.61688703 -0.18280573  0.16476022
  -0.715839   -0.3246219  -0.10313937 -0.05233019 -0.5104871  -0.3046696
   0.16650426 -0.49150288 -0.04590879  0.18139154]
 [ 0.30754822  0.5641955   0.0876186  -0.629505    0.2654112   0.49220648
  -0.5250219  -0.0559715   0.28395927  0.5956026   0.4910614   0.1724989
   0.02667071  0.44998455 -0.05865459 -0.11272759]]