Key: conv3d_9/conv3d_9/bias:0
Value shape: (16,)
Value:
[ 3.5705287e-03  2.2874025e-03  3.0476307e-03 -7.5549330e-04
 -1.5396815e-03 -1.5003762e-03 -3.9981729e-03 -3.0756774e-03
  4.1415962e-05 -5.4491186e-03  1.1906698e-03 -7.0871185e-03
 -7.0160662e-04 -4.3527079e-03  6.6919823e-04 -1.4839028e-03]
Flattened value shape: (1, 16)
Flattened value:
[[ 3.5705287e-03  2.2874025e-03  3.0476307e-03 -7.5549330e-04
  -1.5396815e-03 -1.5003762e-03 -3.9981729e-03 -3.0756774e-03
   4.1415962e-05 -5.4491186e-03  1.1906698e-03 -7.0871185e-03
  -7.0160662e-04 -4.3527079e-03  6.6919823e-04 -1.4839028e-03]]