Key: conv3d_10/conv3d_10/kernel:0
Value shape: (3, 1, 1, 16, 16)
Value:
[[[[[-2.46553794e-02  6.20229542e-03 -1.09732918e-01 -1.19501054e-01
     -3.46787423e-01 -2.69453496e-01 -1.26313735e-02  6.42175004e-02
     -1.83080792e-01 -2.29384825e-01  4.41836230e-02  7.37788007e-02
      1.46110699e-01 -4.38199304e-02 -2.26601269e-02  4.26134765e-01]
    [ 3.21107715e-01 -1.22849094e-02  1.77078858e-01 -4.63317096e-01
      3.57367396e-01  2.13675752e-01  3.80230658e-02  2.91116778e-02
     -9.53775272e-02  2.92659044e-01 -3.71580482e-01  1.79288402e-01
      3.50845814e-01 -1.76523998e-01  9.25893337e-02 -5.70510402e-02]
    [ 8.28488469e-02 -2.68833898e-02  4.31370348e-01 -1.31512612e-01
     -2.47862712e-01  1.98530778e-01  7.20926598e-02  5.63110299e-02
      7.57072493e-02  2.07139906e-02  1.70795564e-02  1.52592033e-01
     -3.47800970e-01 -3.52617092e-02 -2.42851749e-01 -3.42627838e-02]
    [-1.76150978e-01 -3.73284012e-01  1.66156396e-01  6.76282272e-02
      3.75667632e-01  5.74514270e-02 -1.44632459e-01 -9.16092023e-02
     -8.29335228e-02 -2.30904609e-01 -2.09499717e-01  6.30063489e-02
      2.42570013e-01  1.29343346e-02  1.31314456e-01  1.21983297e-01]
    [ 3.26981455e-01  1.70234609e-02  1.43739745e-01 -8.13713968e-02
     -2.57460415e-01  2.07053527e-01  1.83316574e-01  3.08916569e-01
      3.22183162e-01 -2.63334662e-01  2.88706291e-02  2.38276511e-01
     -3.85602683e-01  4.13521677e-01 -1.51769161e-01  1.21321850e-01]
    [ 7.97929093e-02  1.09569579e-01  1.71653301e-01 -2.47207016e-01
      6.91719055e-02  9.15177912e-02  2.87233859e-01 -3.96788716e-02
      1.28072083e-01  4.09987837e-01 -3.52206856e-01  1.99160442e-01
     -1.46459296e-01  3.03824425e-01 -1.50620705e-02  3.50653142e-01]
    [-1.24561042e-01 -1.84060693e-01 -4.12599981e-01  5.58080561e-02
      1.19509980e-01 -2.33904541e-01 -5.86816035e-02  9.76803228e-02
     -1.74151421e-01 -1.09609917e-01 -4.47657965e-02 -2.11823061e-01
      8.04686844e-02 -8.24888586e-04 -1.74095854e-01  3.92592065e-02]
    [ 1.72532558e-01 -1.69693440e-01 -1.08232468e-01 -6.22837245e-02
      3.65657687e-01 -1.33252814e-01  2.31078699e-01 -3.35576564e-01
      3.54355425e-01 -2.47608554e-02  3.61074239e-01 -3.05077493e-01
     -5.26862703e-02  3.86080742e-02  9.42040905e-02  2.84649581e-01]
    [ 1.81769073e-01  1.27568722e-01  1.62226722e-01 -1.80110484e-01
      1.41567916e-01 -3.81815195e-01  9.94187519e-02 -7.01607391e-02
      4.46611196e-02  1.88397199e-01  2.14284495e-01 -1.16649449e-01
      6.62730485e-02 -5.92660066e-03  2.47345895e-01  9.90112275e-02]
    [ 3.08188975e-01  3.49836424e-02 -2.14468837e-01 -2.69981623e-01
     -3.76753300e-01  1.13061182e-02 -1.45091623e-01 -2.42651790e-01
      1.39070243e-01 -7.79274404e-02  2.71480143e-01  2.02510208e-01
     -4.46970224e-01  6.28545508e-02 -8.75731185e-02 -2.36957297e-01]
    [-1.51762128e-01  3.47772092e-01 -3.93288314e-01  1.74874216e-01
     -2.73411959e-01  1.73069313e-01 -4.69709784e-02 -6.56953007e-02
      1.32702701e-02  3.88573855e-02 -1.60672531e-01 -1.39906958e-01
     -5.32559603e-02 -3.58675309e-02 -1.39323577e-01  2.51168348e-02]
    [-4.73618917e-02 -5.08072041e-02 -1.64575443e-01 -1.94597751e-01
     -1.94736660e-01 -3.36797774e-01 -3.27918716e-02  1.22238532e-01
      8.33434761e-02 -3.94287020e-01 -1.22566827e-01 -2.39940226e-01
      3.15237552e-01  1.56179052e-02 -1.84248373e-01 -1.38314173e-01]
    [ 4.36125755e-01 -3.00598294e-02  3.14701605e-03 -1.66930750e-01
      1.63258895e-01 -5.13932817e-02  6.89846203e-02 -7.53451511e-02
      2.30464190e-01  4.04933542e-01 -3.05521280e-01 -6.69213906e-02
     -1.45924553e-01 -2.52924532e-01 -1.47530576e-02 -6.91363886e-02]
    [ 1.07519642e-01  1.69961989e-01  2.50141829e-01 -2.95031160e-01
     -6.90123662e-02 -3.18255424e-01  1.51982635e-01  3.81973416e-01
     -3.37184966e-01  3.62028122e-01 -1.39593976e-02  1.27503216e-01
      2.70004272e-01 -2.61772592e-02 -7.89353531e-03  4.60520089e-02]
    [ 2.29452103e-01 -3.83752584e-02  2.65309721e-01  1.39984801e-01
      1.09079599e-01 -2.46301368e-01  2.74060279e-01  8.56184885e-02
     -3.68347526e-01 -5.70654273e-02 -1.09275328e-02  2.22765043e-01
     -3.10997814e-02 -1.16644837e-01 -1.36231080e-01 -1.95035324e-01]
    [-4.27386053e-02 -1.87641621e-01 -3.34805906e-01  1.02531724e-02
      2.76929319e-01  9.08040330e-02  3.56617481e-01  1.20359119e-02
     -4.02106434e-01 -2.28239805e-01 -1.00948177e-01 -7.11351112e-02
     -2.37600967e-01  7.39640072e-02 -2.75450140e-01 -5.32468371e-02]]]]



 [[[[-3.47677469e-01  1.90456696e-02  4.86937836e-02 -5.95485605e-02
     -7.55302375e-03  1.47906274e-01 -6.95252866e-02  6.32095197e-03
     -1.43785179e-01 -1.62256911e-01 -2.68900067e-01  2.45223925e-01
     -2.17818305e-01  2.18437880e-01  2.18192324e-01  6.66047484e-02]
    [-2.68222123e-01 -3.00305098e-01  1.80720855e-02  8.69395509e-02
     -3.48582193e-02 -2.70373166e-01  9.16757658e-02  7.12006073e-03
      1.72947422e-01  1.23462245e-01  8.26761201e-02 -1.83904707e-01
      4.53880839e-02  7.90986493e-02 -3.23760748e-01  4.95499931e-02]
    [ 2.80671537e-01 -3.33812416e-01 -1.97121531e-01 -1.91052139e-01
     -2.39591002e-01  1.97766051e-01  4.68660370e-02 -1.93733111e-01
     -1.51184457e-03  4.11833450e-02  2.45168451e-02  2.19434500e-01
     -1.06023379e-01  7.23433197e-02 -3.54865581e-01  1.42064467e-01]
    [-1.30808339e-01 -2.23087981e-01 -4.57706563e-02  3.35568398e-01
      2.59417027e-01  4.55984399e-02  1.35207608e-01  2.49461867e-02
      1.46277979e-01  1.76567912e-01  4.25213538e-02 -1.63725689e-01
     -1.04511835e-01  2.71032900e-01  4.41001505e-02  1.61369406e-02]
    [ 2.82457352e-01 -2.39481732e-01 -2.82586683e-02 -3.11332256e-01
      2.50524104e-01  4.36149031e-01  2.59280000e-02  1.20938383e-01
     -7.12798908e-02 -3.04438531e-01  3.15896571e-01  9.79114175e-02
     -2.29631905e-02 -3.06138307e-01 -4.06856351e-02 -3.46435569e-02]
    [-4.01299357e-01  5.20139262e-02 -3.74448374e-02  1.50055557e-01
     -2.45341778e-01 -3.84973362e-02 -9.57845524e-02  2.49156445e-01
      4.00803145e-03 -1.23651579e-01  2.83379972e-01 -8.00343752e-02
      1.60716295e-01 -3.43021080e-02 -1.59287512e-01 -6.90039992e-02]
    [-7.33201057e-02  8.55600983e-02 -7.65551254e-02 -1.27606332e-01
     -1.31248459e-01  4.90576252e-02 -2.68725693e-01  3.93371642e-01
      1.73252359e-01  1.33942991e-01 -2.94118822e-01 -1.50892645e-01
      4.17433202e-01  3.39141376e-02 -9.75635126e-02 -2.31557116e-01]
    [ 6.61603957e-02  8.96408930e-02  2.50303328e-01 -1.37717694e-01
     -2.90944755e-01 -3.65511298e-01  2.53628194e-01  6.10686764e-02
      5.44411726e-02 -3.59199457e-02  1.21374935e-01 -1.06311090e-01
     -2.35841453e-01 -1.97338820e-01  1.08439215e-01 -2.12792784e-01]
    [ 1.28155902e-01  2.83090137e-02  8.66399631e-02 -1.71441004e-01
     -3.86492759e-02  1.80579145e-02 -2.22418904e-01  6.16918318e-02
     -2.53144592e-01 -1.46886140e-01 -2.92889893e-01 -3.83785032e-02
      2.52824426e-02  1.83461398e-01  1.00222066e-01 -1.43167838e-01]
    [-4.25178826e-01 -1.73220173e-01 -9.09986943e-02  7.36370981e-02
     -5.97249903e-03 -6.98250085e-02  2.68680304e-01  2.20978335e-01
      2.58285344e-01  1.87117875e-01  2.66170412e-01 -4.82636727e-02
      1.61131695e-01  1.42409960e-02 -1.51214659e-01  9.84562859e-02]
    [-3.09470862e-01 -1.74900785e-01 -8.77025444e-03 -2.44775843e-02
      1.41117543e-01  3.75061929e-01 -1.63279444e-01 -2.87231207e-01
     -4.27665364e-04 -4.06916663e-02  1.69292286e-01  2.39932850e-01
     -2.12682888e-01  8.46087560e-02 -2.91288853e-01 -2.27096155e-01]
    [ 1.09762736e-02  1.22304223e-01 -1.99536309e-01  1.89962819e-01
     -5.67179639e-03 -2.36581221e-01  2.78080050e-02  6.15785159e-02
     -2.36294582e-01  2.72405058e-01  1.06210798e-01 -2.23457038e-01
     -3.89599323e-01 -5.40076718e-02 -2.27055192e-01  2.74293363e-01]
    [-2.82720685e-01 -5.25937937e-02  8.70897062e-03 -3.33809368e-02
     -1.74856052e-01  1.86032102e-01  3.32956538e-02  1.24710798e-01
      3.44153047e-02 -1.70012683e-01  9.59182233e-02  2.10404545e-01
      6.10710261e-03  1.40794098e-01  2.85044134e-01 -2.09378943e-01]
    [ 1.83113366e-02 -1.94705762e-02  1.73473209e-01 -3.99298258e-02
     -6.14676252e-02 -2.67270088e-01 -2.05962300e-01  1.49450377e-01
      1.74234495e-01 -4.96253232e-03  1.77952483e-01 -6.73752874e-02
     -1.18757263e-01 -4.01279517e-02 -2.18471214e-01  2.35451311e-01]
    [-1.59302220e-01  1.86621025e-01 -7.22471625e-02  3.43804359e-01
     -2.56225020e-01 -2.93598957e-02  1.38319761e-01  2.89372623e-01
      9.14656520e-02 -1.34825125e-01 -1.64338902e-01  2.39625439e-01
      1.67178079e-01 -2.21714303e-01 -2.80345768e-01  8.71471688e-03]
    [-2.50855476e-01  3.41704786e-01  8.52978379e-02 -2.01633245e-01
     -1.65652588e-01  7.65752345e-02 -1.42136946e-01  1.69398934e-01
     -1.58426613e-01  1.93191037e-01 -1.23316422e-03  9.39989910e-02
      1.99035734e-01  1.10270858e-01 -1.19900644e-01  1.30030885e-01]]]]



 [[[[ 1.22558333e-01  1.78977355e-01 -1.77240893e-01 -2.38706127e-01
     -1.46590799e-01 -3.58341753e-01 -7.17497915e-02  1.37200505e-01
      4.50008661e-02  3.75918001e-02 -1.77153200e-01  2.75904149e-01
     -9.37649682e-02  4.51726496e-01 -2.77137551e-02 -7.68955499e-02]
    [ 1.87272355e-01 -2.38577053e-01  4.62606549e-02  5.28177917e-02
     -6.48457836e-03  1.03360496e-01 -2.85956543e-02  3.53878774e-02
      4.59769815e-01 -2.98537970e-01 -3.25216383e-01 -7.76717067e-02
     -6.15931265e-02 -1.48360273e-02  2.31527883e-04  2.45248109e-01]
    [ 1.05476797e-01  9.36914980e-02  5.46656698e-02  7.58941174e-02
     -1.99496627e-01  1.27663001e-01 -8.33383873e-02  1.32922336e-01
      1.03562035e-01 -6.10742792e-02  3.38217378e-01  6.40620142e-02
     -2.92232424e-01  1.89283222e-01 -8.55473876e-02  2.87361979e-01]
    [ 1.64067037e-02 -3.18218589e-01  2.57626086e-01 -3.58749151e-01
      7.68631324e-02  3.83964106e-02  9.56763979e-03  3.06769669e-01
     -2.63680458e-01 -9.59991366e-02  4.50646393e-02 -4.84054387e-02
     -4.52668481e-02 -1.20597243e-01 -5.45560978e-02  3.93665805e-02]
    [ 2.47975498e-01  7.38534750e-03 -2.67749101e-01  3.34273614e-02
      2.34250620e-01  2.81218231e-01 -2.17844158e-01  6.33800998e-02
     -2.54099011e-01 -1.41545594e-01  2.93344110e-01 -3.00711066e-01
     -4.51856434e-01 -1.13400206e-01  1.92644913e-03 -1.46573231e-01]
    [-1.05922543e-01 -7.00744800e-03 -2.63286401e-02 -1.50289059e-01
      5.34202941e-02 -3.71227235e-01 -3.26660454e-01  1.43378768e-02
     -6.53227493e-02  2.54324317e-01 -2.33110636e-01  1.26277730e-01
      2.14884087e-01 -3.53236705e-01  2.11945057e-01  2.68160731e-01]
    [ 3.47489044e-02  2.64159460e-02  4.05933082e-01  8.00894853e-03
      4.44061130e-01  1.28585962e-03 -3.91384102e-02  5.33836968e-02
     -2.29363054e-01  6.77875802e-02 -2.88112342e-01  2.84831822e-01
     -3.86718847e-03 -5.27485721e-02 -2.28431914e-02  5.28601333e-02]
    [-6.76595643e-02  9.93140414e-02 -2.52310708e-02  1.30782485e-01
      9.61167440e-02  1.29718810e-01  2.97163185e-02  6.67281868e-03
     -2.56620169e-01 -3.55222285e-01 -6.53717220e-02 -2.47332096e-01
      2.46658787e-01 -9.74689126e-02 -4.25061077e-01 -2.30169799e-02]
    [-4.86856028e-02  8.44922438e-02  8.48813727e-02 -4.12868619e-01
      2.20859542e-01 -3.38510275e-02 -2.84861416e-01  1.38260469e-01
     -4.63461250e-01 -6.63758740e-02 -4.24888253e-01 -6.50288761e-02
      2.30483130e-01 -7.05579445e-02 -4.35608625e-01  6.96616545e-02]
    [-4.45078835e-02 -6.28980324e-02 -1.06507786e-01 -2.16341883e-01
     -9.01897252e-02  3.69488560e-02 -6.35133833e-02 -2.37003878e-01
      2.06920296e-01 -1.23779975e-01 -2.20553055e-01  2.89609849e-01
     -4.50889245e-02 -1.70185283e-01 -2.75916606e-01 -3.52834575e-02]
    [ 1.71486765e-01 -1.23816706e-01 -3.43353659e-01  2.56823659e-01
      3.41099799e-01 -1.57522097e-01  2.23855093e-01  3.33207071e-01
      4.38322425e-02 -1.28343239e-01 -4.11985703e-02  4.03913949e-03
      4.41167057e-01  2.08170917e-02  1.24438792e-01  9.77765098e-02]
    [ 6.50998279e-02 -3.09271842e-01  2.29516000e-01 -2.26177171e-01
      1.20576821e-01 -4.60170418e-01  1.84682891e-01  3.97203535e-01
      1.98744670e-01 -2.94491559e-01  6.41521811e-02 -6.15582895e-03
     -1.17844000e-01 -1.70071885e-01  1.82393156e-02  6.69911057e-02]
    [ 1.39737234e-01 -4.11794372e-02  1.05028570e-01  1.70006528e-02
      3.23559083e-02  3.01354900e-02 -1.24506801e-02  5.78832142e-02
     -2.19789758e-01 -3.31144512e-01  2.30734155e-01 -4.26881701e-01
     -2.34646156e-01 -7.01290043e-03  3.30843590e-02 -2.63449878e-01]
    [-3.41600001e-01  1.43249735e-01  1.74111024e-01  2.46937592e-02
      3.97292972e-01  2.85106510e-01 -2.80698799e-02  4.37565409e-02
     -2.17004493e-01 -2.03467041e-01 -3.67911309e-01  7.12444559e-02
      1.63955525e-01 -9.69244465e-02  3.87743711e-02 -3.43192071e-01]
    [-1.10466681e-01 -2.29899138e-01  1.37491196e-01 -3.24876368e-01
     -8.03890359e-03  3.40872377e-01 -2.44871393e-01 -1.49541959e-01
      1.14109822e-01 -3.03851902e-01  8.69883895e-02  1.42038718e-01
     -3.21488917e-01 -1.21758439e-01  3.91840190e-01  1.34618014e-01]
    [-2.71981090e-01 -2.29629800e-01 -6.49145246e-02  1.33078352e-01
     -1.72780349e-03 -4.19346303e-01  2.03799978e-01  1.18657485e-01
     -6.84757903e-02  1.04630515e-02 -1.80071313e-02  2.71963025e-03
     -2.54886672e-02  3.68934155e-01 -3.63470130e-02 -1.40492424e-01]]]]]
Flattened value shape: (48, 16)
Flattened value:
[[-2.46553794e-02  6.20229542e-03 -1.09732918e-01 -1.19501054e-01
  -3.46787423e-01 -2.69453496e-01 -1.26313735e-02  6.42175004e-02
  -1.83080792e-01 -2.29384825e-01  4.41836230e-02  7.37788007e-02
   1.46110699e-01 -4.38199304e-02 -2.26601269e-02  4.26134765e-01]
 [ 3.21107715e-01 -1.22849094e-02  1.77078858e-01 -4.63317096e-01
   3.57367396e-01  2.13675752e-01  3.80230658e-02  2.91116778e-02
  -9.53775272e-02  2.92659044e-01 -3.71580482e-01  1.79288402e-01
   3.50845814e-01 -1.76523998e-01  9.25893337e-02 -5.70510402e-02]
 [ 8.28488469e-02 -2.68833898e-02  4.31370348e-01 -1.31512612e-01
  -2.47862712e-01  1.98530778e-01  7.20926598e-02  5.63110299e-02
   7.57072493e-02  2.07139906e-02  1.70795564e-02  1.52592033e-01
  -3.47800970e-01 -3.52617092e-02 -2.42851749e-01 -3.42627838e-02]
 [-1.76150978e-01 -3.73284012e-01  1.66156396e-01  6.76282272e-02
   3.75667632e-01  5.74514270e-02 -1.44632459e-01 -9.16092023e-02
  -8.29335228e-02 -2.30904609e-01 -2.09499717e-01  6.30063489e-02
   2.42570013e-01  1.29343346e-02  1.31314456e-01  1.21983297e-01]
 [ 3.26981455e-01  1.70234609e-02  1.43739745e-01 -8.13713968e-02
  -2.57460415e-01  2.07053527e-01  1.83316574e-01  3.08916569e-01
   3.22183162e-01 -2.63334662e-01  2.88706291e-02  2.38276511e-01
  -3.85602683e-01  4.13521677e-01 -1.51769161e-01  1.21321850e-01]
 [ 7.97929093e-02  1.09569579e-01  1.71653301e-01 -2.47207016e-01
   6.91719055e-02  9.15177912e-02  2.87233859e-01 -3.96788716e-02
   1.28072083e-01  4.09987837e-01 -3.52206856e-01  1.99160442e-01
  -1.46459296e-01  3.03824425e-01 -1.50620705e-02  3.50653142e-01]
 [-1.24561042e-01 -1.84060693e-01 -4.12599981e-01  5.58080561e-02
   1.19509980e-01 -2.33904541e-01 -5.86816035e-02  9.76803228e-02
  -1.74151421e-01 -1.09609917e-01 -4.47657965e-02 -2.11823061e-01
   8.04686844e-02 -8.24888586e-04 -1.74095854e-01  3.92592065e-02]
 [ 1.72532558e-01 -1.69693440e-01 -1.08232468e-01 -6.22837245e-02
   3.65657687e-01 -1.33252814e-01  2.31078699e-01 -3.35576564e-01
   3.54355425e-01 -2.47608554e-02  3.61074239e-01 -3.05077493e-01
  -5.26862703e-02  3.86080742e-02  9.42040905e-02  2.84649581e-01]
 [ 1.81769073e-01  1.27568722e-01  1.62226722e-01 -1.80110484e-01
   1.41567916e-01 -3.81815195e-01  9.94187519e-02 -7.01607391e-02
   4.46611196e-02  1.88397199e-01  2.14284495e-01 -1.16649449e-01
   6.62730485e-02 -5.92660066e-03  2.47345895e-01  9.90112275e-02]
 [ 3.08188975e-01  3.49836424e-02 -2.14468837e-01 -2.69981623e-01
  -3.76753300e-01  1.13061182e-02 -1.45091623e-01 -2.42651790e-01
   1.39070243e-01 -7.79274404e-02  2.71480143e-01  2.02510208e-01
  -4.46970224e-01  6.28545508e-02 -8.75731185e-02 -2.36957297e-01]
 [-1.51762128e-01  3.47772092e-01 -3.93288314e-01  1.74874216e-01
  -2.73411959e-01  1.73069313e-01 -4.69709784e-02 -6.56953007e-02
   1.32702701e-02  3.88573855e-02 -1.60672531e-01 -1.39906958e-01
  -5.32559603e-02 -3.58675309e-02 -1.39323577e-01  2.51168348e-02]
 [-4.73618917e-02 -5.08072041e-02 -1.64575443e-01 -1.94597751e-01
  -1.94736660e-01 -3.36797774e-01 -3.27918716e-02  1.22238532e-01
   8.33434761e-02 -3.94287020e-01 -1.22566827e-01 -2.39940226e-01
   3.15237552e-01  1.56179052e-02 -1.84248373e-01 -1.38314173e-01]
 [ 4.36125755e-01 -3.00598294e-02  3.14701605e-03 -1.66930750e-01
   1.63258895e-01 -5.13932817e-02  6.89846203e-02 -7.53451511e-02
   2.30464190e-01  4.04933542e-01 -3.05521280e-01 -6.69213906e-02
  -1.45924553e-01 -2.52924532e-01 -1.47530576e-02 -6.91363886e-02]
 [ 1.07519642e-01  1.69961989e-01  2.50141829e-01 -2.95031160e-01
  -6.90123662e-02 -3.18255424e-01  1.51982635e-01  3.81973416e-01
  -3.37184966e-01  3.62028122e-01 -1.39593976e-02  1.27503216e-01
   2.70004272e-01 -2.61772592e-02 -7.89353531e-03  4.60520089e-02]
 [ 2.29452103e-01 -3.83752584e-02  2.65309721e-01  1.39984801e-01
   1.09079599e-01 -2.46301368e-01  2.74060279e-01  8.56184885e-02
  -3.68347526e-01 -5.70654273e-02 -1.09275328e-02  2.22765043e-01
  -3.10997814e-02 -1.16644837e-01 -1.36231080e-01 -1.95035324e-01]
 [-4.27386053e-02 -1.87641621e-01 -3.34805906e-01  1.02531724e-02
   2.76929319e-01  9.08040330e-02  3.56617481e-01  1.20359119e-02
  -4.02106434e-01 -2.28239805e-01 -1.00948177e-01 -7.11351112e-02
  -2.37600967e-01  7.39640072e-02 -2.75450140e-01 -5.32468371e-02]
 [-3.47677469e-01  1.90456696e-02  4.86937836e-02 -5.95485605e-02
  -7.55302375e-03  1.47906274e-01 -6.95252866e-02  6.32095197e-03
  -1.43785179e-01 -1.62256911e-01 -2.68900067e-01  2.45223925e-01
  -2.17818305e-01  2.18437880e-01  2.18192324e-01  6.66047484e-02]
 [-2.68222123e-01 -3.00305098e-01  1.80720855e-02  8.69395509e-02
  -3.48582193e-02 -2.70373166e-01  9.16757658e-02  7.12006073e-03
   1.72947422e-01  1.23462245e-01  8.26761201e-02 -1.83904707e-01
   4.53880839e-02  7.90986493e-02 -3.23760748e-01  4.95499931e-02]
 [ 2.80671537e-01 -3.33812416e-01 -1.97121531e-01 -1.91052139e-01
  -2.39591002e-01  1.97766051e-01  4.68660370e-02 -1.93733111e-01
  -1.51184457e-03  4.11833450e-02  2.45168451e-02  2.19434500e-01
  -1.06023379e-01  7.23433197e-02 -3.54865581e-01  1.42064467e-01]
 [-1.30808339e-01 -2.23087981e-01 -4.57706563e-02  3.35568398e-01
   2.59417027e-01  4.55984399e-02  1.35207608e-01  2.49461867e-02
   1.46277979e-01  1.76567912e-01  4.25213538e-02 -1.63725689e-01
  -1.04511835e-01  2.71032900e-01  4.41001505e-02  1.61369406e-02]
 [ 2.82457352e-01 -2.39481732e-01 -2.82586683e-02 -3.11332256e-01
   2.50524104e-01  4.36149031e-01  2.59280000e-02  1.20938383e-01
  -7.12798908e-02 -3.04438531e-01  3.15896571e-01  9.79114175e-02
  -2.29631905e-02 -3.06138307e-01 -4.06856351e-02 -3.46435569e-02]
 [-4.01299357e-01  5.20139262e-02 -3.74448374e-02  1.50055557e-01
  -2.45341778e-01 -3.84973362e-02 -9.57845524e-02  2.49156445e-01
   4.00803145e-03 -1.23651579e-01  2.83379972e-01 -8.00343752e-02
   1.60716295e-01 -3.43021080e-02 -1.59287512e-01 -6.90039992e-02]
 [-7.33201057e-02  8.55600983e-02 -7.65551254e-02 -1.27606332e-01
  -1.31248459e-01  4.90576252e-02 -2.68725693e-01  3.93371642e-01
   1.73252359e-01  1.33942991e-01 -2.94118822e-01 -1.50892645e-01
   4.17433202e-01  3.39141376e-02 -9.75635126e-02 -2.31557116e-01]
 [ 6.61603957e-02  8.96408930e-02  2.50303328e-01 -1.37717694e-01
  -2.90944755e-01 -3.65511298e-01  2.53628194e-01  6.10686764e-02
   5.44411726e-02 -3.59199457e-02  1.21374935e-01 -1.06311090e-01
  -2.35841453e-01 -1.97338820e-01  1.08439215e-01 -2.12792784e-01]
 [ 1.28155902e-01  2.83090137e-02  8.66399631e-02 -1.71441004e-01
  -3.86492759e-02  1.80579145e-02 -2.22418904e-01  6.16918318e-02
  -2.53144592e-01 -1.46886140e-01 -2.92889893e-01 -3.83785032e-02
   2.52824426e-02  1.83461398e-01  1.00222066e-01 -1.43167838e-01]
 [-4.25178826e-01 -1.73220173e-01 -9.09986943e-02  7.36370981e-02
  -5.97249903e-03 -6.98250085e-02  2.68680304e-01  2.20978335e-01
   2.58285344e-01  1.87117875e-01  2.66170412e-01 -4.82636727e-02
   1.61131695e-01  1.42409960e-02 -1.51214659e-01  9.84562859e-02]
 [-3.09470862e-01 -1.74900785e-01 -8.77025444e-03 -2.44775843e-02
   1.41117543e-01  3.75061929e-01 -1.63279444e-01 -2.87231207e-01
  -4.27665364e-04 -4.06916663e-02  1.69292286e-01  2.39932850e-01
  -2.12682888e-01  8.46087560e-02 -2.91288853e-01 -2.27096155e-01]
 [ 1.09762736e-02  1.22304223e-01 -1.99536309e-01  1.89962819e-01
  -5.67179639e-03 -2.36581221e-01  2.78080050e-02  6.15785159e-02
  -2.36294582e-01  2.72405058e-01  1.06210798e-01 -2.23457038e-01
  -3.89599323e-01 -5.40076718e-02 -2.27055192e-01  2.74293363e-01]
 [-2.82720685e-01 -5.25937937e-02  8.70897062e-03 -3.33809368e-02
  -1.74856052e-01  1.86032102e-01  3.32956538e-02  1.24710798e-01
   3.44153047e-02 -1.70012683e-01  9.59182233e-02  2.10404545e-01
   6.10710261e-03  1.40794098e-01  2.85044134e-01 -2.09378943e-01]
 [ 1.83113366e-02 -1.94705762e-02  1.73473209e-01 -3.99298258e-02
  -6.14676252e-02 -2.67270088e-01 -2.05962300e-01  1.49450377e-01
   1.74234495e-01 -4.96253232e-03  1.77952483e-01 -6.73752874e-02
  -1.18757263e-01 -4.01279517e-02 -2.18471214e-01  2.35451311e-01]
 [-1.59302220e-01  1.86621025e-01 -7.22471625e-02  3.43804359e-01
  -2.56225020e-01 -2.93598957e-02  1.38319761e-01  2.89372623e-01
   9.14656520e-02 -1.34825125e-01 -1.64338902e-01  2.39625439e-01
   1.67178079e-01 -2.21714303e-01 -2.80345768e-01  8.71471688e-03]
 [-2.50855476e-01  3.41704786e-01  8.52978379e-02 -2.01633245e-01
  -1.65652588e-01  7.65752345e-02 -1.42136946e-01  1.69398934e-01
  -1.58426613e-01  1.93191037e-01 -1.23316422e-03  9.39989910e-02
   1.99035734e-01  1.10270858e-01 -1.19900644e-01  1.30030885e-01]
 [ 1.22558333e-01  1.78977355e-01 -1.77240893e-01 -2.38706127e-01
  -1.46590799e-01 -3.58341753e-01 -7.17497915e-02  1.37200505e-01
   4.50008661e-02  3.75918001e-02 -1.77153200e-01  2.75904149e-01
  -9.37649682e-02  4.51726496e-01 -2.77137551e-02 -7.68955499e-02]
 [ 1.87272355e-01 -2.38577053e-01  4.62606549e-02  5.28177917e-02
  -6.48457836e-03  1.03360496e-01 -2.85956543e-02  3.53878774e-02
   4.59769815e-01 -2.98537970e-01 -3.25216383e-01 -7.76717067e-02
  -6.15931265e-02 -1.48360273e-02  2.31527883e-04  2.45248109e-01]
 [ 1.05476797e-01  9.36914980e-02  5.46656698e-02  7.58941174e-02
  -1.99496627e-01  1.27663001e-01 -8.33383873e-02  1.32922336e-01
   1.03562035e-01 -6.10742792e-02  3.38217378e-01  6.40620142e-02
  -2.92232424e-01  1.89283222e-01 -8.55473876e-02  2.87361979e-01]
 [ 1.64067037e-02 -3.18218589e-01  2.57626086e-01 -3.58749151e-01
   7.68631324e-02  3.83964106e-02  9.56763979e-03  3.06769669e-01
  -2.63680458e-01 -9.59991366e-02  4.50646393e-02 -4.84054387e-02
  -4.52668481e-02 -1.20597243e-01 -5.45560978e-02  3.93665805e-02]
 [ 2.47975498e-01  7.38534750e-03 -2.67749101e-01  3.34273614e-02
   2.34250620e-01  2.81218231e-01 -2.17844158e-01  6.33800998e-02
  -2.54099011e-01 -1.41545594e-01  2.93344110e-01 -3.00711066e-01
  -4.51856434e-01 -1.13400206e-01  1.92644913e-03 -1.46573231e-01]
 [-1.05922543e-01 -7.00744800e-03 -2.63286401e-02 -1.50289059e-01
   5.34202941e-02 -3.71227235e-01 -3.26660454e-01  1.43378768e-02
  -6.53227493e-02  2.54324317e-01 -2.33110636e-01  1.26277730e-01
   2.14884087e-01 -3.53236705e-01  2.11945057e-01  2.68160731e-01]
 [ 3.47489044e-02  2.64159460e-02  4.05933082e-01  8.00894853e-03
   4.44061130e-01  1.28585962e-03 -3.91384102e-02  5.33836968e-02
  -2.29363054e-01  6.77875802e-02 -2.88112342e-01  2.84831822e-01
  -3.86718847e-03 -5.27485721e-02 -2.28431914e-02  5.28601333e-02]
 [-6.76595643e-02  9.93140414e-02 -2.52310708e-02  1.30782485e-01
   9.61167440e-02  1.29718810e-01  2.97163185e-02  6.67281868e-03
  -2.56620169e-01 -3.55222285e-01 -6.53717220e-02 -2.47332096e-01
   2.46658787e-01 -9.74689126e-02 -4.25061077e-01 -2.30169799e-02]
 [-4.86856028e-02  8.44922438e-02  8.48813727e-02 -4.12868619e-01
   2.20859542e-01 -3.38510275e-02 -2.84861416e-01  1.38260469e-01
  -4.63461250e-01 -6.63758740e-02 -4.24888253e-01 -6.50288761e-02
   2.30483130e-01 -7.05579445e-02 -4.35608625e-01  6.96616545e-02]
 [-4.45078835e-02 -6.28980324e-02 -1.06507786e-01 -2.16341883e-01
  -9.01897252e-02  3.69488560e-02 -6.35133833e-02 -2.37003878e-01
   2.06920296e-01 -1.23779975e-01 -2.20553055e-01  2.89609849e-01
  -4.50889245e-02 -1.70185283e-01 -2.75916606e-01 -3.52834575e-02]
 [ 1.71486765e-01 -1.23816706e-01 -3.43353659e-01  2.56823659e-01
   3.41099799e-01 -1.57522097e-01  2.23855093e-01  3.33207071e-01
   4.38322425e-02 -1.28343239e-01 -4.11985703e-02  4.03913949e-03
   4.41167057e-01  2.08170917e-02  1.24438792e-01  9.77765098e-02]
 [ 6.50998279e-02 -3.09271842e-01  2.29516000e-01 -2.26177171e-01
   1.20576821e-01 -4.60170418e-01  1.84682891e-01  3.97203535e-01
   1.98744670e-01 -2.94491559e-01  6.41521811e-02 -6.15582895e-03
  -1.17844000e-01 -1.70071885e-01  1.82393156e-02  6.69911057e-02]
 [ 1.39737234e-01 -4.11794372e-02  1.05028570e-01  1.70006528e-02
   3.23559083e-02  3.01354900e-02 -1.24506801e-02  5.78832142e-02
  -2.19789758e-01 -3.31144512e-01  2.30734155e-01 -4.26881701e-01
  -2.34646156e-01 -7.01290043e-03  3.30843590e-02 -2.63449878e-01]
 [-3.41600001e-01  1.43249735e-01  1.74111024e-01  2.46937592e-02
   3.97292972e-01  2.85106510e-01 -2.80698799e-02  4.37565409e-02
  -2.17004493e-01 -2.03467041e-01 -3.67911309e-01  7.12444559e-02
   1.63955525e-01 -9.69244465e-02  3.87743711e-02 -3.43192071e-01]
 [-1.10466681e-01 -2.29899138e-01  1.37491196e-01 -3.24876368e-01
  -8.03890359e-03  3.40872377e-01 -2.44871393e-01 -1.49541959e-01
   1.14109822e-01 -3.03851902e-01  8.69883895e-02  1.42038718e-01
  -3.21488917e-01 -1.21758439e-01  3.91840190e-01  1.34618014e-01]
 [-2.71981090e-01 -2.29629800e-01 -6.49145246e-02  1.33078352e-01
  -1.72780349e-03 -4.19346303e-01  2.03799978e-01  1.18657485e-01
  -6.84757903e-02  1.04630515e-02 -1.80071313e-02  2.71963025e-03
  -2.54886672e-02  3.68934155e-01 -3.63470130e-02 -1.40492424e-01]]