Key: conv3d_10/conv3d_10/bias:0
Value shape: (16,)
Value:
[ 0.00104196  0.00029508 -0.00039996  0.00374848 -0.00588278  0.00659024
 -0.00622589 -0.00727356 -0.00434002 -0.00104962  0.00011403  0.00102209
  0.00042444 -0.0006063   0.00394866  0.0034946 ]
Flattened value shape: (1, 16)
Flattened value:
[[ 0.00104196  0.00029508 -0.00039996  0.00374848 -0.00588278  0.00659024
  -0.00622589 -0.00727356 -0.00434002 -0.00104962  0.00011403  0.00102209
   0.00042444 -0.0006063   0.00394866  0.0034946 ]]