Key: conv3d_11/conv3d_11/bias:0
Value shape: (16,)
Value:
[ 0.00185517 -0.00129877 -0.00025228  0.00035743 -0.0035283  -0.00120715
  0.00250899 -0.00166299 -0.00242309 -0.00507852  0.0001213   0.00223605
  0.00047812  0.00242789 -0.00053468 -0.00579492]
Flattened value shape: (1, 16)
Flattened value:
[[ 0.00185517 -0.00129877 -0.00025228  0.00035743 -0.0035283  -0.00120715
   0.00250899 -0.00166299 -0.00242309 -0.00507852  0.0001213   0.00223605
   0.00047812  0.00242789 -0.00053468 -0.00579492]]