Key: conv3d_11/conv3d_11/kernel:0
Value shape: (1, 3, 3, 16, 16)
Value:
[[[[[-4.64135855e-02  3.03843301e-02 -1.63834482e-01 ...
      1.97558463e-01 -5.80581985e-02 -9.79024395e-02]
    [ 5.13831377e-02 -5.72600635e-03  1.04911931e-01 ...
     -1.07346766e-01  2.19642043e-01 -9.76506174e-02]
    [-9.22876149e-02 -9.52558548e-05 -2.53049165e-01 ...
     -7.00263157e-02 -1.33443490e-01 -3.91878281e-03]
    ...
    [ 1.03727736e-01  1.71455070e-01  4.57946137e-02 ...
      5.25778765e-03 -1.13581695e-01  2.13921070e-02]
    [ 3.76541838e-02  1.87570885e-01 -8.53205174e-02 ...
      5.89385293e-02  5.63734490e-03 -6.15713820e-02]
    [ 8.23076293e-02 -6.01282194e-02 -8.16887841e-02 ...
     -1.46594435e-01  1.95876658e-01 -1.93332396e-02]]

   [[ 7.31827542e-02 -5.14838509e-02  2.10135113e-02 ...
     -8.62735435e-02  2.86296364e-02  5.43572232e-02]
    [ 9.11640227e-02 -6.38357699e-02 -2.58532111e-02 ...
      6.58427849e-02 -8.84869322e-02 -1.91752270e-01]
    [ 2.92268135e-02  1.00933351e-01 -9.91938412e-02 ...
     -8.75914618e-02  8.95302519e-02 -6.27656886e-03]
    ...
    [-8.11522081e-02  7.58874714e-02 -1.26837119e-01 ...
      1.06098577e-02  3.62689905e-02 -1.80501342e-02]
    [ 9.52528641e-02 -5.75077496e-02 -2.36340374e-01 ...
     -1.03373669e-01 -1.49118364e-01 -7.60417804e-02]
    [-1.97769046e-01  2.23250180e-01  6.42792210e-02 ...
     -2.08881155e-01 -1.79225057e-01  1.35787530e-02]]

   [[-3.55181955e-02 -1.02829888e-01 -1.77335083e-01 ...
      2.70296093e-02 -4.35297862e-02  2.82470975e-02]
    [ 1.02641098e-01 -2.46261224e-01  1.14281848e-01 ...
      1.52932942e-01 -9.06902328e-02  1.06467836e-01]
    [-2.16120910e-02 -1.91897526e-02  1.46406502e-01 ...
      1.06165908e-01 -2.62917895e-02 -1.33596599e-01]
    ...
    [ 2.65261561e-01  1.51515990e-01  8.84308964e-02 ...
     -1.62215441e-01 -1.98540222e-02  1.76243737e-01]
    [-6.63750321e-02 -8.63241032e-03 -1.85544300e-03 ...
     -2.34038886e-02  6.35348037e-02 -2.07016572e-01]
    [ 8.19454193e-02 -1.13419473e-01 -3.57571281e-02 ...
     -2.11374924e-01 -1.07478760e-01 -3.60730849e-02]]]


  [[[-4.12990302e-02 -5.50974719e-02 -2.38653690e-01 ...
     -1.09301932e-01 -1.47551492e-01 -3.30273807e-02]
    [ 5.99762164e-02 -1.48035154e-01  1.81541085e-01 ...
      1.05740905e-01  2.11709127e-01  1.80844247e-01]
    [-8.66388157e-02  1.49778783e-01 -8.98250937e-02 ...
      3.27828936e-02  2.49615788e-01  3.05658877e-02]
    ...
    [ 6.83361590e-02 -4.06335816e-02  7.14359730e-02 ...
     -5.41642010e-02 -2.84853186e-02  4.55095358e-02]
    [-8.65946524e-03 -1.58142880e-01 -8.50679502e-02 ...
      4.70459312e-02 -2.17922982e-02  1.76515564e-01]
    [-1.14481365e-02  2.77097654e-02  5.32517433e-02 ...
     -3.79455425e-02 -1.70645833e-01 -1.33868098e-01]]

   [[-2.03686878e-02 -1.00777283e-01 -1.17263012e-02 ...
     -1.84829891e-01  6.05741851e-02  3.22304331e-02]
    [ 1.96031317e-01  4.08486873e-02 -1.71785101e-01 ...
     -7.86167458e-02 -6.97674304e-02  3.27253975e-02]
    [-3.56466137e-02 -6.15004264e-02  2.07422540e-01 ...
      1.65553875e-02 -2.24097252e-01  5.20908050e-02]
    ...
    [-9.58904922e-02  1.24063522e-01  1.78456128e-01 ...
      7.14058205e-02  2.33040541e-01  1.01753427e-02]
    [-7.26023391e-02  8.86995569e-02  6.11526258e-02 ...
      9.76169035e-02 -5.19738533e-02  2.62298465e-01]
    [ 1.79486901e-01  1.02070384e-01  2.23166645e-01 ...
     -1.05025090e-01  1.74781810e-02  1.46643490e-01]]

   [[ 8.43801051e-02 -8.75413865e-02 -1.59950569e-01 ...
     -7.56775215e-02  1.10321842e-01  1.29089847e-01]
    [-1.77260518e-01  1.39955550e-01  1.36949763e-01 ...
     -7.36565292e-02 -1.06500506e-01 -1.06027396e-02]
    [-2.46158410e-02  1.18911833e-01 -9.46689397e-02 ...
     -1.36932969e-01  9.70376953e-02 -2.16682479e-02]
    ...
    [ 2.63505802e-02  5.66581674e-02 -8.76791403e-02 ...
      1.64039388e-01 -1.62812456e-01 -8.58129561e-02]
    [ 1.62208825e-01 -1.33493707e-01  3.20511945e-02 ...
      1.93347052e-01 -7.58767202e-02  1.19356409e-01]
    [-4.00657719e-03  3.76947783e-02 -8.79856125e-02 ...
      1.53695032e-01  5.28079085e-02 -5.45200892e-03]]]


  [[[ 1.75785810e-01  3.83367240e-02  3.00645865e-02 ...
      1.02160484e-01 -1.37195051e-01 -5.51057681e-02]
    [ 1.02951117e-01  1.44266546e-01  2.13061154e-01 ...
      6.14839373e-03  9.71601158e-02  7.90433586e-02]
    [ 4.05668020e-02  2.12945223e-01  2.30151504e-01 ...
      4.43340167e-02 -2.18367040e-01  9.23899114e-02]
    ...
    [ 3.00918873e-02  9.54951122e-02  1.20117590e-02 ...
      7.64958486e-02 -2.05716416e-01 -2.20043451e-01]
    [-8.14723969e-02 -8.55718926e-03  6.96412399e-02 ...
     -1.41293436e-01 -1.20189838e-01 -1.53072536e-01]
    [ 1.08385317e-01  5.34345247e-02 -1.84152693e-01 ...
      4.00581583e-02  7.99887478e-02 -1.04261748e-02]]

   [[ 1.47876203e-01 -4.65919226e-02  1.46584824e-01 ...
      2.20845025e-02  1.78679138e-01  1.45004049e-01]
    [ 1.56196520e-01 -2.02624202e-01 -6.78873584e-02 ...
     -1.41960189e-01 -4.99804355e-02 -5.01496829e-02]
    [-1.06830522e-01  3.62805128e-02  1.92237407e-01 ...
     -9.27411839e-02  2.24986717e-01 -2.42068190e-02]
    ...
    [-1.66794956e-01 -7.58207738e-02 -1.82642005e-02 ...
     -1.76477835e-01  1.84120402e-01 -1.00247771e-01]
    [-5.24413586e-02 -1.78410426e-01 -1.61660150e-01 ...
      1.84912816e-01 -1.57887444e-01 -1.55688688e-01]
    [-1.47875458e-01  1.15937643e-01  9.48786810e-02 ...
      2.90386118e-02 -1.61330819e-01 -1.49170831e-01]]

   [[-2.07138304e-02 -1.78048223e-01  3.26649696e-02 ...
     -1.52658135e-01 -1.98304072e-01 -1.40974447e-02]
    [-2.21325859e-01 -2.67006725e-01 -1.97483182e-01 ...
     -7.43812695e-02 -1.28353342e-01 -4.82224897e-02]
    [ 1.54945701e-01  2.33082861e-01 -1.36992961e-01 ...
      1.12450086e-01  7.51083568e-02  1.04089729e-01]
    ...
    [-5.70837706e-02 -3.20696831e-02 -2.51070321e-01 ...
      4.64659519e-02 -2.43063960e-02  7.80908689e-02]
    [ 5.43222055e-02 -7.43105933e-02  2.49765113e-01 ...
      2.08867751e-02  1.24558313e-02 -1.29816100e-01]
    [ 8.07912499e-02  6.93703890e-02 -1.57322124e-01 ...
      3.35176885e-02 -1.06340244e-01 -2.31896564e-01]]]]]
Flattened value shape: (144, 16)
Flattened value:
[[-4.64135855e-02  3.03843301e-02 -1.63834482e-01 ...  1.97558463e-01
  -5.80581985e-02 -9.79024395e-02]
 [ 5.13831377e-02 -5.72600635e-03  1.04911931e-01 ... -1.07346766e-01
   2.19642043e-01 -9.76506174e-02]
 [-9.22876149e-02 -9.52558548e-05 -2.53049165e-01 ... -7.00263157e-02
  -1.33443490e-01 -3.91878281e-03]
 ...
 [-5.70837706e-02 -3.20696831e-02 -2.51070321e-01 ...  4.64659519e-02
  -2.43063960e-02  7.80908689e-02]
 [ 5.43222055e-02 -7.43105933e-02  2.49765113e-01 ...  2.08867751e-02
   1.24558313e-02 -1.29816100e-01]
 [ 8.07912499e-02  6.93703890e-02 -1.57322124e-01 ...  3.35176885e-02
  -1.06340244e-01 -2.31896564e-01]]