Key: conv3d_12/conv3d_12/bias:0
Value shape: (16,)
Value:
[ 6.66710641e-03  3.56680364e-03  1.13389897e-03  1.18963630e-03
 -3.61325889e-04 -3.79399535e-05 -3.03629343e-03  1.58012833e-03
  4.86106938e-03 -9.44712490e-04 -1.17686195e-02 -1.42003195e-02
 -2.76422407e-03  6.77480036e-03 -1.70931732e-03  2.23288056e-03]
Flattened value shape: (1, 16)
Flattened value:
[[ 6.66710641e-03  3.56680364e-03  1.13389897e-03  1.18963630e-03
  -3.61325889e-04 -3.79399535e-05 -3.03629343e-03  1.58012833e-03
   4.86106938e-03 -9.44712490e-04 -1.17686195e-02 -1.42003195e-02
  -2.76422407e-03  6.77480036e-03 -1.70931732e-03  2.23288056e-03]]
