Key: conv3d_12/conv3d_12/kernel:0
Value shape: (3, 1, 1, 16, 16)
Value:
[[[[[ 1.26125723e-01  5.95548227e-02  9.33669135e-02  8.99657011e-02
     -1.62123404e-02 -9.58369598e-02  3.01345289e-01 -4.47745994e-02
      5.49615361e-02 -3.77172381e-01 -1.84979126e-01  2.26348564e-01
      1.48981929e-01  3.21656913e-01 -5.84240630e-02 -2.94867307e-01]
    [ 2.99605131e-01  7.54382610e-02 -2.29185507e-01 -4.26773190e-01
     -3.61927509e-01  1.48399830e-01 -1.22030616e-01  2.81841378e-03
      3.72731350e-02  1.48692131e-01 -1.75041437e-01 -9.10704583e-02
      1.24188133e-01  2.01058403e-01  9.97498110e-02  1.57407507e-01]
    [ 3.64025801e-01 -1.56671748e-01  1.03013545e-01 -1.72427163e-01
     -9.40904915e-02 -4.30588871e-02  1.47123098e-01 -9.17920098e-02
     -2.88980812e-01 -1.72023505e-01 -4.04343009e-01 -1.19093414e-02
     -1.41763851e-01  6.57404363e-02 -1.74258053e-01 -2.01113701e-01]
    [ 1.44680515e-01  4.07626573e-03  2.69847363e-01  2.17855141e-01
     -2.52043158e-01 -2.23847240e-01 -1.16504669e-01  5.33476996e-05
      7.73319677e-02  8.84676427e-02  2.15700954e-01 -5.62104806e-02
     -2.12491870e-01  3.31189990e-01 -2.42711723e-01  6.66796044e-02]
    [ 5.92928492e-02 -2.98435718e-01 -8.78079757e-02 -2.93156654e-01
     -4.15430218e-01 -9.85995978e-02 -2.63992071e-01  3.70828778e-01
     -2.08925724e-01 -1.29301652e-01 -1.39577970e-01  3.47300456e-03
      3.80981594e-01 -2.27505490e-01  6.09012134e-02 -5.01531437e-02]
    [ 1.23992801e-01  7.31991902e-02 -2.30111986e-01  2.94449002e-01
     -2.63349265e-02 -3.34210694e-01 -5.08185439e-02  1.07925959e-01
     -4.34121966e-01 -2.15263143e-02  4.17963266e-02  9.88258272e-02
      2.40863472e-01  2.16642916e-01  4.06714201e-01  2.52673626e-01]
    [-3.06567252e-01  8.77444372e-02  9.31122079e-02  1.68808639e-01
      4.10081714e-01  1.03002019e-01  2.44063377e-01 -3.34586471e-01
     -2.45777667e-01  2.14018613e-01 -1.08306691e-01 -1.16091184e-01
      1.02307960e-01 -7.22390637e-02  2.82316297e-01 -1.88904896e-01]
    [-1.14071451e-01 -3.91726315e-01  3.20859789e-03 -2.64416158e-01
      2.11140990e-01 -3.72225583e-01  3.16292763e-01  1.71330541e-01
     -5.76349609e-02  4.71903607e-02 -2.52385974e-01  1.13688327e-01
      1.50450885e-01  1.78465798e-01 -1.41608696e-02 -7.87938237e-02]
    [-1.46102816e-01 -2.77026564e-01  4.83116433e-02 -9.53227580e-02
     -4.25623991e-02 -2.40453884e-01 -5.26761003e-02 -3.29305440e-01
     -1.68787941e-01  2.04841301e-01  1.55725241e-01  4.10077684e-02
      3.39115679e-01 -3.12539309e-01  1.13285236e-01 -2.05437437e-01]
    [-2.40273863e-01  4.22795951e-01 -8.89046714e-02 -2.93588340e-01
     -9.73699763e-02  7.52039719e-03  2.84596175e-01 -8.36994275e-02
     -6.36439472e-02  8.60508829e-02  3.58468831e-01 -6.93656132e-02
     -1.85281307e-01 -1.46563396e-01  4.42788869e-01 -2.70122617e-01]
    [-5.20053096e-02 -3.85158837e-01 -6.18254468e-02 -1.67281747e-01
     -8.36407766e-02  1.43239945e-01  1.22959398e-01 -5.68908863e-02
     -2.54553109e-01 -3.58153135e-01 -1.07730314e-01  2.08448008e-01
      2.15020627e-01  1.95133109e-02 -2.72422214e-03  1.67633995e-01]
    [-5.90667203e-02 -6.28818870e-02 -1.55666426e-01  2.89466567e-02
     -1.26516327e-01 -4.43048686e-01 -1.72141135e-01 -3.50126296e-01
      2.30721503e-01  1.69546351e-01 -1.54654264e-01  4.14483726e-01
     -7.25700110e-02 -2.47654513e-01 -3.47842366e-01  2.78410055e-02]
    [-4.22490537e-01  2.73846507e-01  1.66939013e-02 -4.31016445e-01
      2.15702504e-01  1.01166859e-01 -3.14924449e-01 -3.09607834e-01
     -3.41946840e-01  5.23992162e-03 -1.61431551e-01 -1.05565257e-01
      1.12760060e-01 -4.52679992e-01 -4.26470824e-02  1.74403518e-01]
    [ 3.79185379e-01 -1.63432777e-01 -1.49463400e-01  2.06006780e-01
      2.78598249e-01  1.20188624e-01 -2.66676962e-01 -1.79770753e-01
     -3.63709599e-01  1.64943755e-01 -1.35558844e-01  4.58509386e-01
      3.00468743e-01  4.53530177e-02 -2.05269773e-02 -1.54031366e-01]
    [-2.52822824e-02  2.75051266e-01  3.78007814e-02  1.52297616e-01
      1.67415112e-01 -7.26837516e-02 -1.66725665e-01  6.31367788e-03
      9.25300866e-02 -4.22571212e-01  4.75094244e-02  3.40962350e-01
     -3.31293195e-01 -5.99250682e-02 -2.34488606e-01  2.40426138e-02]
    [-8.24405998e-02  2.20167011e-01 -5.73741645e-02  1.26083359e-01
      1.58658370e-01  3.86421420e-02  1.05968498e-01 -1.64393216e-01
      2.53776699e-01 -2.33218148e-01  5.04817814e-02 -1.00264914e-01
     -5.62994406e-02 -2.97804475e-01  1.19825326e-01 -3.67985904e-01]]]]



 [[[[-3.59825678e-02 -1.72444612e-01 -7.54670277e-02 -1.64170712e-01
      4.78981808e-02 -1.79825187e-01  6.22713007e-02  1.11915596e-01
     -4.62153181e-02 -5.87888248e-02  1.55246601e-01 -4.48330045e-01
     -1.34820774e-01  6.59414232e-02  2.70449251e-01  9.38653350e-02]
    [-3.60487789e-01 -1.63151905e-01  2.08595812e-01 -3.48613001e-02
     -1.20139429e-02 -3.70722592e-01 -3.75397980e-01  6.27985820e-02
      2.82586310e-02  1.24581449e-01  3.84644926e-01 -1.49605833e-02
     -3.14787358e-01  6.70756996e-02 -2.59195179e-01  1.04193188e-01]
    [-6.08175732e-02 -7.26097003e-02  1.52029678e-01  2.75863647e-01
      1.86684683e-01 -1.25629082e-01  9.82953757e-02  3.58892828e-02
     -9.67847183e-02  2.84316808e-01  5.94139546e-02  7.10906759e-02
      1.44001544e-02  3.20057571e-01 -3.55093211e-01  1.92001864e-01]
    [-1.43012375e-01 -1.25769034e-01  1.01601988e-01 -1.89314976e-01
      7.89603591e-02  6.51905220e-03  4.00712669e-01 -5.20619303e-02
      5.77698126e-02 -2.18444437e-01 -1.38009638e-01  3.67302336e-02
     -9.25100222e-02  1.68822959e-01  3.22137065e-02  1.39672402e-02]
    [-2.85248935e-01  1.07469440e-01 -3.55427563e-01 -7.22979680e-02
      4.55998480e-02 -1.20556958e-01 -1.20105676e-01 -1.52536362e-01
      1.45279512e-01 -5.15302308e-02  1.31995305e-01 -1.13715893e-02
      1.12906873e-01 -1.55525990e-02 -3.37001204e-01  7.74841085e-02]
    [ 1.39041334e-01  2.99058259e-01 -1.07225180e-01  4.59442958e-02
      2.92290539e-01 -3.96220013e-02  1.76731288e-01 -2.74829626e-01
      4.36218292e-01 -1.75032899e-01 -9.43322256e-02  1.75652951e-01
      2.93068081e-01 -2.69123614e-01  3.29215407e-01 -4.45452899e-01]
    [-8.95289332e-02  1.30128607e-01  6.45614937e-02  2.11785994e-02
     -9.64668915e-02 -2.44466029e-02  2.17229471e-01 -3.14478844e-01
      2.86899239e-01  2.91289896e-01 -1.43456340e-01 -6.37460724e-02
     -2.12526664e-01 -3.48115534e-01 -9.99102220e-02 -1.12384550e-01]
    [ 1.03712760e-01  2.75634080e-01 -3.07132095e-01  6.56876117e-02
     -1.31342709e-01 -3.67129624e-01  5.67909656e-03  7.67886341e-02
      5.87060004e-02 -1.31170273e-01  8.63431320e-02  4.07995522e-01
      2.01609880e-02  3.43288809e-01  9.88638699e-02 -1.17968149e-01]
    [-3.95755887e-01 -2.39155218e-01 -3.30602378e-02 -1.33537620e-01
      1.18197106e-01 -1.71303988e-01  2.43110195e-01  2.88233578e-01
     -2.05946177e-01  1.80615604e-01  1.27813071e-01 -3.36760372e-01
     -1.58786938e-01 -2.65257746e-01 -3.14638391e-03 -1.93913858e-02]
    [ 7.54258409e-02  1.58387914e-01  1.91382259e-01 -5.57675362e-02
     -8.28293711e-03 -1.58733696e-01 -2.24709064e-01 -1.13134608e-01
      1.00260973e-01  1.66496281e-02 -9.34845805e-02  3.55435461e-01
     -1.48625076e-01 -2.58886188e-01  2.37073600e-02  2.69312579e-02]
    [ 8.25415999e-02 -3.86566848e-01 -8.51499103e-03  1.62837252e-01
      2.16563374e-01  3.14782500e-01 -1.67311862e-01  2.72557765e-01
      6.44770190e-02  1.59859583e-01 -5.03781214e-02 -1.15908943e-01
     -6.95383325e-02  1.42670991e-02 -3.29200089e-01 -1.90628856e-01]
    [ 3.70190799e-01  1.58869430e-01  2.84960836e-01  1.87267914e-01
     -6.35502264e-02 -4.45648953e-02 -2.75851637e-01 -3.28525782e-01
      3.84915411e-01 -3.17042917e-01  4.72056381e-02  5.69541715e-02
      2.32900873e-01 -4.90534082e-02  1.08007625e-01 -2.13201120e-01]
    [-6.58526048e-02 -9.33185592e-02 -2.67343551e-01 -4.51594979e-01
      1.06755972e-01  3.02031785e-01 -3.18244219e-01 -1.59579754e-01
      1.17204748e-01 -9.30379778e-02  1.65897626e-02 -1.55198157e-01
      3.68646055e-01  1.97257344e-02  8.65878984e-02 -2.90302187e-01]
    [ 4.25096184e-01  3.44147563e-01  3.07448626e-01  8.22815746e-02
     -3.04609925e-01  2.36964405e-01  6.40869066e-02  1.59048781e-01
      1.86442494e-01 -1.94457561e-01 -3.16581815e-01  2.04417154e-01
      1.20601080e-01  1.65834278e-01  9.54352040e-03  1.54017732e-01]
    [-1.44477025e-01 -1.94807842e-01  2.21960813e-01  1.88659430e-01
      1.59138545e-01  2.96305090e-01 -1.13770306e-01 -1.16774157e-01
      1.90855131e-01 -1.20803617e-01  4.95702727e-03 -2.58172661e-01
      1.21804215e-01 -2.91364610e-01  1.27999932e-01 -9.28766802e-02]
    [ 1.44314542e-01  6.44049197e-02  1.47424370e-01 -3.69913727e-01
      1.62142962e-01  1.04649693e-01  2.86052041e-02 -2.09043100e-01
      1.40761778e-01 -9.81020778e-02 -2.88008958e-01  3.68855447e-01
     -8.93877372e-02 -6.76451921e-02 -7.62332976e-02 -1.38640150e-01]]]]



 [[[[ 3.20916563e-01  5.18707782e-02 -1.03824340e-01  3.62368464e-01
     -4.55621541e-01 -1.54942989e-01  1.21515922e-01  8.86555612e-02
     -4.09931764e-02 -8.20225477e-02  2.04652548e-01  8.52029473e-02
     -1.51393205e-01 -1.47779912e-01  1.84545651e-01  8.87980089e-02]
    [-1.34167187e-02 -3.31326395e-01 -2.68705279e-01 -7.86510780e-02
      1.38163403e-01 -7.61834234e-02  1.69451043e-01 -5.40054925e-02
     -1.21784925e-01  2.02017248e-01  2.23496452e-01  2.11611405e-01
     -1.17513753e-01 -2.30125457e-01  2.10079923e-01 -6.83638304e-02]
    [ 4.72819433e-02 -8.50058347e-02 -4.53009814e-01 -1.32900164e-01
     -1.39879793e-01  8.52375776e-02  1.81422472e-01 -4.63258654e-01
     -8.69005322e-02  1.80954203e-01  7.30921552e-02  2.03539990e-02
     -1.07727446e-01  2.47445986e-01  2.45124802e-01 -2.08228260e-01]
    [ 9.79441404e-02  8.23803172e-02  3.31553519e-01 -1.81287825e-01
      5.81580475e-02 -6.59432858e-02  5.20243719e-02  2.88825445e-02
     -2.29956657e-01 -4.59829718e-01  3.00428092e-01  1.76856488e-01
     -1.35376960e-01  1.06478058e-01  3.84964049e-01  2.54033267e-01]
    [-1.38414219e-01  3.91347408e-02 -2.31948793e-01 -8.11792761e-02
     -2.97136843e-01  2.25028098e-02 -2.28244379e-01 -2.08277717e-01
     -2.56657302e-01  1.95440307e-01 -2.24732935e-01 -6.99842423e-02
     -1.61331117e-01 -1.45062804e-01 -4.07457560e-01  6.92929476e-02]
    [ 4.52752620e-01 -2.60883495e-02 -3.30270045e-02  6.56930134e-02
      1.36787593e-01 -8.28457326e-02  2.45628707e-05  3.41518521e-01
     -2.59029120e-01 -5.68258613e-02  1.26809537e-01  5.44327348e-02
     -1.05401106e-01 -1.67216565e-02 -1.59206778e-01  2.01118961e-01]
    [ 6.00030879e-03 -4.41198945e-02  2.89322942e-01 -4.38845158e-01
     -3.08111519e-01 -4.89807166e-02 -1.83877960e-01 -3.24726515e-02
      1.44411447e-02 -1.87271848e-01 -2.17400610e-01  7.87143409e-02
     -2.50970513e-01 -2.72934437e-01  3.43568504e-01 -2.18702376e-01]
    [ 5.53609021e-02  2.45194137e-01 -1.77082866e-01  1.11880012e-01
     -3.51940602e-01 -2.38097981e-01  1.67950764e-01 -7.32805058e-02
     -2.11035356e-01  4.36865911e-02 -2.74188817e-02 -1.84314564e-01
      1.29167557e-01 -6.61572292e-02 -6.34145290e-02 -2.99669623e-01]
    [ 2.07262672e-02  8.26672930e-03  1.21032298e-01  3.00602592e-03
     -1.18138857e-01  3.71684344e-03  9.14207026e-02  2.98010379e-01
      2.49422848e-01 -9.71546322e-02 -4.25566807e-02  2.39925236e-01
      1.10569194e-01 -2.44626358e-01  7.44545013e-02 -3.89624834e-02]
    [-3.31153795e-02 -3.06228995e-01 -1.06050953e-01 -1.61138788e-01
     -4.84660231e-02 -3.26304376e-01 -1.46771846e-02 -3.35375547e-01
     -3.90237838e-01  2.46199802e-03 -1.38265356e-01 -2.84646954e-02
      2.92037010e-01 -2.25428373e-01  4.19909842e-02  1.04529552e-01]
    [ 3.10195386e-01 -1.36318699e-01 -2.20108017e-01 -1.63845301e-01
      2.49891654e-01 -3.46462071e-01 -5.12670726e-02 -4.12107855e-01
      5.90540543e-02  2.15467900e-01 -6.96995929e-02 -2.66879439e-01
      1.15139477e-01  3.57041322e-02 -2.00297996e-01  1.79190323e-01]
    [-2.94490486e-01 -2.61055797e-01  7.00138286e-02  5.43871820e-02
      1.93515614e-01 -2.82432255e-03 -3.55151594e-01 -2.10777193e-01
      1.61220118e-01  9.61497650e-02 -7.18020201e-02 -1.26749545e-01
     -2.04630792e-01  3.02719712e-01  2.83496588e-01  2.29767248e-01]
    [-2.58682847e-01 -1.88684370e-02 -9.01659578e-02  4.16787237e-01
     -3.26270349e-02 -5.96878752e-02 -2.13005126e-01  2.66499311e-01
      1.50617033e-01  8.88959020e-02 -1.01693563e-01 -2.28347555e-01
     -4.40687500e-02  3.96409571e-01  4.30135280e-01 -2.41849080e-01]
    [ 2.36689240e-01  1.02902334e-02 -2.24671826e-01  4.62671459e-01
      2.04918650e-03  6.24080822e-02  9.19872299e-02 -1.11148380e-01
      1.32526904e-01  1.76913351e-01 -4.09713872e-02 -3.70882839e-01
     -4.68997695e-02 -2.43837416e-01 -4.08033282e-03 -1.20990224e-01]
    [ 1.44206345e-01 -4.77762595e-02  6.63607717e-02 -1.49795294e-01
      2.08491772e-01 -6.70901462e-02 -1.73679620e-01 -2.31954366e-01
      1.05482796e-02  6.50319457e-02  4.44831610e-01 -3.84006202e-01
      1.46761835e-01  2.56982088e-01 -4.04053926e-01 -3.57108057e-01]
    [ 2.38997906e-01 -3.59624922e-02  3.21116686e-01 -1.83275312e-01
      2.42146671e-01  2.03149304e-01  1.63232625e-01  3.28834988e-02
     -1.44573346e-01  1.74847648e-01  4.51474875e-01  1.87414527e-01
     -4.11632836e-01 -1.58377185e-01 -7.16780499e-02  1.75700068e-01]]]]]
Flattened value shape: (48, 16)
Flattened value:
[[ 1.26125723e-01  5.95548227e-02  9.33669135e-02  8.99657011e-02
  -1.62123404e-02 -9.58369598e-02  3.01345289e-01 -4.47745994e-02
   5.49615361e-02 -3.77172381e-01 -1.84979126e-01  2.26348564e-01
   1.48981929e-01  3.21656913e-01 -5.84240630e-02 -2.94867307e-01]
 [ 2.99605131e-01  7.54382610e-02 -2.29185507e-01 -4.26773190e-01
  -3.61927509e-01  1.48399830e-01 -1.22030616e-01  2.81841378e-03
   3.72731350e-02  1.48692131e-01 -1.75041437e-01 -9.10704583e-02
   1.24188133e-01  2.01058403e-01  9.97498110e-02  1.57407507e-01]
 [ 3.64025801e-01 -1.56671748e-01  1.03013545e-01 -1.72427163e-01
  -9.40904915e-02 -4.30588871e-02  1.47123098e-01 -9.17920098e-02
  -2.88980812e-01 -1.72023505e-01 -4.04343009e-01 -1.19093414e-02
  -1.41763851e-01  6.57404363e-02 -1.74258053e-01 -2.01113701e-01]
 [ 1.44680515e-01  4.07626573e-03  2.69847363e-01  2.17855141e-01
  -2.52043158e-01 -2.23847240e-01 -1.16504669e-01  5.33476996e-05
   7.73319677e-02  8.84676427e-02  2.15700954e-01 -5.62104806e-02
  -2.12491870e-01  3.31189990e-01 -2.42711723e-01  6.66796044e-02]
 [ 5.92928492e-02 -2.98435718e-01 -8.78079757e-02 -2.93156654e-01
  -4.15430218e-01 -9.85995978e-02 -2.63992071e-01  3.70828778e-01
  -2.08925724e-01 -1.29301652e-01 -1.39577970e-01  3.47300456e-03
   3.80981594e-01 -2.27505490e-01  6.09012134e-02 -5.01531437e-02]
 [ 1.23992801e-01  7.31991902e-02 -2.30111986e-01  2.94449002e-01
  -2.63349265e-02 -3.34210694e-01 -5.08185439e-02  1.07925959e-01
  -4.34121966e-01 -2.15263143e-02  4.17963266e-02  9.88258272e-02
   2.40863472e-01  2.16642916e-01  4.06714201e-01  2.52673626e-01]
 [-3.06567252e-01  8.77444372e-02  9.31122079e-02  1.68808639e-01
   4.10081714e-01  1.03002019e-01  2.44063377e-01 -3.34586471e-01
  -2.45777667e-01  2.14018613e-01 -1.08306691e-01 -1.16091184e-01
   1.02307960e-01 -7.22390637e-02  2.82316297e-01 -1.88904896e-01]
 [-1.14071451e-01 -3.91726315e-01  3.20859789e-03 -2.64416158e-01
   2.11140990e-01 -3.72225583e-01  3.16292763e-01  1.71330541e-01
  -5.76349609e-02  4.71903607e-02 -2.52385974e-01  1.13688327e-01
   1.50450885e-01  1.78465798e-01 -1.41608696e-02 -7.87938237e-02]
 [-1.46102816e-01 -2.77026564e-01  4.83116433e-02 -9.53227580e-02
  -4.25623991e-02 -2.40453884e-01 -5.26761003e-02 -3.29305440e-01
  -1.68787941e-01  2.04841301e-01  1.55725241e-01  4.10077684e-02
   3.39115679e-01 -3.12539309e-01  1.13285236e-01 -2.05437437e-01]
 [-2.40273863e-01  4.22795951e-01 -8.89046714e-02 -2.93588340e-01
  -9.73699763e-02  7.52039719e-03  2.84596175e-01 -8.36994275e-02
  -6.36439472e-02  8.60508829e-02  3.58468831e-01 -6.93656132e-02
  -1.85281307e-01 -1.46563396e-01  4.42788869e-01 -2.70122617e-01]
 [-5.20053096e-02 -3.85158837e-01 -6.18254468e-02 -1.67281747e-01
  -8.36407766e-02  1.43239945e-01  1.22959398e-01 -5.68908863e-02
  -2.54553109e-01 -3.58153135e-01 -1.07730314e-01  2.08448008e-01
   2.15020627e-01  1.95133109e-02 -2.72422214e-03  1.67633995e-01]
 [-5.90667203e-02 -6.28818870e-02 -1.55666426e-01  2.89466567e-02
  -1.26516327e-01 -4.43048686e-01 -1.72141135e-01 -3.50126296e-01
   2.30721503e-01  1.69546351e-01 -1.54654264e-01  4.14483726e-01
  -7.25700110e-02 -2.47654513e-01 -3.47842366e-01  2.78410055e-02]
 [-4.22490537e-01  2.73846507e-01  1.66939013e-02 -4.31016445e-01
   2.15702504e-01  1.01166859e-01 -3.14924449e-01 -3.09607834e-01
  -3.41946840e-01  5.23992162e-03 -1.61431551e-01 -1.05565257e-01
   1.12760060e-01 -4.52679992e-01 -4.26470824e-02  1.74403518e-01]
 [ 3.79185379e-01 -1.63432777e-01 -1.49463400e-01  2.06006780e-01
   2.78598249e-01  1.20188624e-01 -2.66676962e-01 -1.79770753e-01
  -3.63709599e-01  1.64943755e-01 -1.35558844e-01  4.58509386e-01
   3.00468743e-01  4.53530177e-02 -2.05269773e-02 -1.54031366e-01]
 [-2.52822824e-02  2.75051266e-01  3.78007814e-02  1.52297616e-01
   1.67415112e-01 -7.26837516e-02 -1.66725665e-01  6.31367788e-03
   9.25300866e-02 -4.22571212e-01  4.75094244e-02  3.40962350e-01
  -3.31293195e-01 -5.99250682e-02 -2.34488606e-01  2.40426138e-02]
 [-8.24405998e-02  2.20167011e-01 -5.73741645e-02  1.26083359e-01
   1.58658370e-01  3.86421420e-02  1.05968498e-01 -1.64393216e-01
   2.53776699e-01 -2.33218148e-01  5.04817814e-02 -1.00264914e-01
  -5.62994406e-02 -2.97804475e-01  1.19825326e-01 -3.67985904e-01]
 [-3.59825678e-02 -1.72444612e-01 -7.54670277e-02 -1.64170712e-01
   4.78981808e-02 -1.79825187e-01  6.22713007e-02  1.11915596e-01
  -4.62153181e-02 -5.87888248e-02  1.55246601e-01 -4.48330045e-01
  -1.34820774e-01  6.59414232e-02  2.70449251e-01  9.38653350e-02]
 [-3.60487789e-01 -1.63151905e-01  2.08595812e-01 -3.48613001e-02
  -1.20139429e-02 -3.70722592e-01 -3.75397980e-01  6.27985820e-02
   2.82586310e-02  1.24581449e-01  3.84644926e-01 -1.49605833e-02
  -3.14787358e-01  6.70756996e-02 -2.59195179e-01  1.04193188e-01]
 [-6.08175732e-02 -7.26097003e-02  1.52029678e-01  2.75863647e-01
   1.86684683e-01 -1.25629082e-01  9.82953757e-02  3.58892828e-02
  -9.67847183e-02  2.84316808e-01  5.94139546e-02  7.10906759e-02
   1.44001544e-02  3.20057571e-01 -3.55093211e-01  1.92001864e-01]
 [-1.43012375e-01 -1.25769034e-01  1.01601988e-01 -1.89314976e-01
   7.89603591e-02  6.51905220e-03  4.00712669e-01 -5.20619303e-02
   5.77698126e-02 -2.18444437e-01 -1.38009638e-01  3.67302336e-02
  -9.25100222e-02  1.68822959e-01  3.22137065e-02  1.39672402e-02]
 [-2.85248935e-01  1.07469440e-01 -3.55427563e-01 -7.22979680e-02
   4.55998480e-02 -1.20556958e-01 -1.20105676e-01 -1.52536362e-01
   1.45279512e-01 -5.15302308e-02  1.31995305e-01 -1.13715893e-02
   1.12906873e-01 -1.55525990e-02 -3.37001204e-01  7.74841085e-02]
 [ 1.39041334e-01  2.99058259e-01 -1.07225180e-01  4.59442958e-02
   2.92290539e-01 -3.96220013e-02  1.76731288e-01 -2.74829626e-01
   4.36218292e-01 -1.75032899e-01 -9.43322256e-02  1.75652951e-01
   2.93068081e-01 -2.69123614e-01  3.29215407e-01 -4.45452899e-01]
 [-8.95289332e-02  1.30128607e-01  6.45614937e-02  2.11785994e-02
  -9.64668915e-02 -2.44466029e-02  2.17229471e-01 -3.14478844e-01
   2.86899239e-01  2.91289896e-01 -1.43456340e-01 -6.37460724e-02
  -2.12526664e-01 -3.48115534e-01 -9.99102220e-02 -1.12384550e-01]
 [ 1.03712760e-01  2.75634080e-01 -3.07132095e-01  6.56876117e-02
  -1.31342709e-01 -3.67129624e-01  5.67909656e-03  7.67886341e-02
   5.87060004e-02 -1.31170273e-01  8.63431320e-02  4.07995522e-01
   2.01609880e-02  3.43288809e-01  9.88638699e-02 -1.17968149e-01]
 [-3.95755887e-01 -2.39155218e-01 -3.30602378e-02 -1.33537620e-01
   1.18197106e-01 -1.71303988e-01  2.43110195e-01  2.88233578e-01
  -2.05946177e-01  1.80615604e-01  1.27813071e-01 -3.36760372e-01
  -1.58786938e-01 -2.65257746e-01 -3.14638391e-03 -1.93913858e-02]
 [ 7.54258409e-02  1.58387914e-01  1.91382259e-01 -5.57675362e-02
  -8.28293711e-03 -1.58733696e-01 -2.24709064e-01 -1.13134608e-01
   1.00260973e-01  1.66496281e-02 -9.34845805e-02  3.55435461e-01
  -1.48625076e-01 -2.58886188e-01  2.37073600e-02  2.69312579e-02]
 [ 8.25415999e-02 -3.86566848e-01 -8.51499103e-03  1.62837252e-01
   2.16563374e-01  3.14782500e-01 -1.67311862e-01  2.72557765e-01
   6.44770190e-02  1.59859583e-01 -5.03781214e-02 -1.15908943e-01
  -6.95383325e-02  1.42670991e-02 -3.29200089e-01 -1.90628856e-01]
 [ 3.70190799e-01  1.58869430e-01  2.84960836e-01  1.87267914e-01
  -6.35502264e-02 -4.45648953e-02 -2.75851637e-01 -3.28525782e-01
   3.84915411e-01 -3.17042917e-01  4.72056381e-02  5.69541715e-02
   2.32900873e-01 -4.90534082e-02  1.08007625e-01 -2.13201120e-01]
 [-6.58526048e-02 -9.33185592e-02 -2.67343551e-01 -4.51594979e-01
   1.06755972e-01  3.02031785e-01 -3.18244219e-01 -1.59579754e-01
   1.17204748e-01 -9.30379778e-02  1.65897626e-02 -1.55198157e-01
   3.68646055e-01  1.97257344e-02  8.65878984e-02 -2.90302187e-01]
 [ 4.25096184e-01  3.44147563e-01  3.07448626e-01  8.22815746e-02
  -3.04609925e-01  2.36964405e-01  6.40869066e-02  1.59048781e-01
   1.86442494e-01 -1.94457561e-01 -3.16581815e-01  2.04417154e-01
   1.20601080e-01  1.65834278e-01  9.54352040e-03  1.54017732e-01]
 [-1.44477025e-01 -1.94807842e-01  2.21960813e-01  1.88659430e-01
   1.59138545e-01  2.96305090e-01 -1.13770306e-01 -1.16774157e-01
   1.90855131e-01 -1.20803617e-01  4.95702727e-03 -2.58172661e-01
   1.21804215e-01 -2.91364610e-01  1.27999932e-01 -9.28766802e-02]
 [ 1.44314542e-01  6.44049197e-02  1.47424370e-01 -3.69913727e-01
   1.62142962e-01  1.04649693e-01  2.86052041e-02 -2.09043100e-01
   1.40761778e-01 -9.81020778e-02 -2.88008958e-01  3.68855447e-01
  -8.93877372e-02 -6.76451921e-02 -7.62332976e-02 -1.38640150e-01]
 [ 3.20916563e-01  5.18707782e-02 -1.03824340e-01  3.62368464e-01
  -4.55621541e-01 -1.54942989e-01  1.21515922e-01  8.86555612e-02
  -4.09931764e-02 -8.20225477e-02  2.04652548e-01  8.52029473e-02
  -1.51393205e-01 -1.47779912e-01  1.84545651e-01  8.87980089e-02]
 [-1.34167187e-02 -3.31326395e-01 -2.68705279e-01 -7.86510780e-02
   1.38163403e-01 -7.61834234e-02  1.69451043e-01 -5.40054925e-02
  -1.21784925e-01  2.02017248e-01  2.23496452e-01  2.11611405e-01
  -1.17513753e-01 -2.30125457e-01  2.10079923e-01 -6.83638304e-02]
 [ 4.72819433e-02 -8.50058347e-02 -4.53009814e-01 -1.32900164e-01
  -1.39879793e-01  8.52375776e-02  1.81422472e-01 -4.63258654e-01
  -8.69005322e-02  1.80954203e-01  7.30921552e-02  2.03539990e-02
  -1.07727446e-01  2.47445986e-01  2.45124802e-01 -2.08228260e-01]
 [ 9.79441404e-02  8.23803172e-02  3.31553519e-01 -1.81287825e-01
   5.81580475e-02 -6.59432858e-02  5.20243719e-02  2.88825445e-02
  -2.29956657e-01 -4.59829718e-01  3.00428092e-01  1.76856488e-01
  -1.35376960e-01  1.06478058e-01  3.84964049e-01  2.54033267e-01]
 [-1.38414219e-01  3.91347408e-02 -2.31948793e-01 -8.11792761e-02
  -2.97136843e-01  2.25028098e-02 -2.28244379e-01 -2.08277717e-01
  -2.56657302e-01  1.95440307e-01 -2.24732935e-01 -6.99842423e-02
  -1.61331117e-01 -1.45062804e-01 -4.07457560e-01  6.92929476e-02]
 [ 4.52752620e-01 -2.60883495e-02 -3.30270045e-02  6.56930134e-02
   1.36787593e-01 -8.28457326e-02  2.45628707e-05  3.41518521e-01
  -2.59029120e-01 -5.68258613e-02  1.26809537e-01  5.44327348e-02
  -1.05401106e-01 -1.67216565e-02 -1.59206778e-01  2.01118961e-01]
 [ 6.00030879e-03 -4.41198945e-02  2.89322942e-01 -4.38845158e-01
  -3.08111519e-01 -4.89807166e-02 -1.83877960e-01 -3.24726515e-02
   1.44411447e-02 -1.87271848e-01 -2.17400610e-01  7.87143409e-02
  -2.50970513e-01 -2.72934437e-01  3.43568504e-01 -2.18702376e-01]
 [ 5.53609021e-02  2.45194137e-01 -1.77082866e-01  1.11880012e-01
  -3.51940602e-01 -2.38097981e-01  1.67950764e-01 -7.32805058e-02
  -2.11035356e-01  4.36865911e-02 -2.74188817e-02 -1.84314564e-01
   1.29167557e-01 -6.61572292e-02 -6.34145290e-02 -2.99669623e-01]
 [ 2.07262672e-02  8.26672930e-03  1.21032298e-01  3.00602592e-03
  -1.18138857e-01  3.71684344e-03  9.14207026e-02  2.98010379e-01
   2.49422848e-01 -9.71546322e-02 -4.25566807e-02  2.39925236e-01
   1.10569194e-01 -2.44626358e-01  7.44545013e-02 -3.89624834e-02]
 [-3.31153795e-02 -3.06228995e-01 -1.06050953e-01 -1.61138788e-01
  -4.84660231e-02 -3.26304376e-01 -1.46771846e-02 -3.35375547e-01
  -3.90237838e-01  2.46199802e-03 -1.38265356e-01 -2.84646954e-02
   2.92037010e-01 -2.25428373e-01  4.19909842e-02  1.04529552e-01]
 [ 3.10195386e-01 -1.36318699e-01 -2.20108017e-01 -1.63845301e-01
   2.49891654e-01 -3.46462071e-01 -5.12670726e-02 -4.12107855e-01
   5.90540543e-02  2.15467900e-01 -6.96995929e-02 -2.66879439e-01
   1.15139477e-01  3.57041322e-02 -2.00297996e-01  1.79190323e-01]
 [-2.94490486e-01 -2.61055797e-01  7.00138286e-02  5.43871820e-02
   1.93515614e-01 -2.82432255e-03 -3.55151594e-01 -2.10777193e-01
   1.61220118e-01  9.61497650e-02 -7.18020201e-02 -1.26749545e-01
  -2.04630792e-01  3.02719712e-01  2.83496588e-01  2.29767248e-01]
 [-2.58682847e-01 -1.88684370e-02 -9.01659578e-02  4.16787237e-01
  -3.26270349e-02 -5.96878752e-02 -2.13005126e-01  2.66499311e-01
   1.50617033e-01  8.88959020e-02 -1.01693563e-01 -2.28347555e-01
  -4.40687500e-02  3.96409571e-01  4.30135280e-01 -2.41849080e-01]
 [ 2.36689240e-01  1.02902334e-02 -2.24671826e-01  4.62671459e-01
   2.04918650e-03  6.24080822e-02  9.19872299e-02 -1.11148380e-01
   1.32526904e-01  1.76913351e-01 -4.09713872e-02 -3.70882839e-01
  -4.68997695e-02 -2.43837416e-01 -4.08033282e-03 -1.20990224e-01]
 [ 1.44206345e-01 -4.77762595e-02  6.63607717e-02 -1.49795294e-01
   2.08491772e-01 -6.70901462e-02 -1.73679620e-01 -2.31954366e-01
   1.05482796e-02  6.50319457e-02  4.44831610e-01 -3.84006202e-01
   1.46761835e-01  2.56982088e-01 -4.04053926e-01 -3.57108057e-01]
 [ 2.38997906e-01 -3.59624922e-02  3.21116686e-01 -1.83275312e-01
   2.42146671e-01  2.03149304e-01  1.63232625e-01  3.28834988e-02
  -1.44573346e-01  1.74847648e-01  4.51474875e-01  1.87414527e-01
  -4.11632836e-01 -1.58377185e-01 -7.16780499e-02  1.75700068e-01]]