Key: conv3d_13/conv3d_13/bias:0
Value shape: (32,)
Value:
[ 0.00416722  0.00304725 -0.0004298   0.00409941 -0.00182015  0.00441769
 -0.00117447 -0.00421827 -0.01697797  0.00051897 -0.00127623 -0.00241522
 -0.00122084 -0.00224329  0.00326445  0.00132883 -0.00084837  0.00111779
  0.00352616 -0.00028074  0.00133729  0.0002394  -0.00058678  0.00110701
  0.00047929  0.00061446 -0.00058892 -0.00028694 -0.00669269  0.00161807
  0.00094566  0.00023036]
Flattened value shape: (1, 32)
Flattened value:
[[ 0.00416722  0.00304725 -0.0004298   0.00409941 -0.00182015  0.00441769
  -0.00117447 -0.00421827 -0.01697797  0.00051897 -0.00127623 -0.00241522
  -0.00122084 -0.00224329  0.00326445  0.00132883 -0.00084837  0.00111779
   0.00352616 -0.00028074  0.00133729  0.0002394  -0.00058678  0.00110701
   0.00047929  0.00061446 -0.00058892 -0.00028694 -0.00669269  0.00161807
   0.00094566  0.00023036]]