Key: conv3d_13/conv3d_13/kernel:0
Value shape: (1, 3, 3, 16, 32)
Value:
[[[[[ 1.19716115e-02 -1.46031544e-01 -5.23479432e-02 ...
     -2.37790391e-01 -1.14024334e-01  9.41703767e-02]
    [-1.09069213e-01  2.23407626e-01 -1.50224701e-01 ...
     -1.47674773e-02  2.72099972e-02 -4.45946632e-03]
    [ 1.04139470e-01 -2.51716435e-01  1.82581116e-02 ...
      4.19122539e-02 -6.76953942e-02  6.10809363e-02]
    ...
    [ 1.72331277e-02  1.43590972e-01  1.07423663e-01 ...
     -2.48150811e-01  2.24715933e-01 -1.55135944e-01]
    [-1.87014900e-02 -6.95288181e-02 -1.92670524e-01 ...
     -1.18623562e-01  1.89076275e-01  8.73569623e-02]
    [-4.81803156e-02  2.17355490e-01  6.33722693e-02 ...
      3.86266820e-02  2.05672875e-01  3.24487947e-02]]

   [[-7.43385172e-04  1.66308403e-01  6.15651682e-02 ...
      2.55276471e-01  6.70255907e-03  2.10221499e-01]
    [-2.68802196e-02 -1.12290017e-01  4.02977914e-02 ...
     -1.87053829e-01  6.65994138e-02  1.04358166e-01]
    [ 2.06085909e-02  2.12867986e-02  2.52213888e-02 ...
      4.98288572e-02  8.41352865e-02  4.37532272e-03]
    ...
    [ 1.52757943e-01 -3.86095904e-02  1.26485929e-01 ...
      7.59139955e-02 -5.81260137e-02  7.80278072e-02]
    [-9.22149867e-02  9.42846667e-03 -1.64640591e-01 ...
     -1.31816700e-01  1.24544568e-01 -4.72866856e-02]
    [ 3.58655713e-02 -4.21881303e-02 -2.18285341e-02 ...
     -5.78738861e-02  1.17209308e-01  1.09795466e-01]]

   [[-1.53972236e-02  1.28530152e-02  4.19862419e-02 ...
      1.07853889e-01  8.35507885e-02 -9.15052965e-02]
    [-2.60898061e-02  1.00693241e-01 -2.11309612e-01 ...
      3.53595130e-02  1.24305658e-01  1.31337762e-01]
    [-5.35392798e-02  1.24480106e-01 -4.91892770e-02 ...
     -5.68892546e-02  4.05737944e-03  1.53554663e-01]
    ...
    [ 1.67868197e-01  1.15811750e-01 -1.83680460e-01 ...
     -9.06535015e-02 -3.34827304e-02  7.52640050e-03]
    [ 7.73392543e-02 -2.03725591e-01 -1.44510463e-01 ...
      5.74294664e-02  1.98464282e-02 -6.11146390e-02]
    [-6.52170852e-02 -9.76733938e-02 -6.45112470e-02 ...
     -1.13458574e-01  5.77114671e-02  1.83781028e-01]]]


  [[[-9.59658846e-02  2.44110376e-01 -3.16441208e-02 ...
      1.28048763e-01 -1.71470806e-01 -3.84263657e-02]
    [-2.17226073e-02  8.55069384e-02 -9.16228145e-02 ...
     -8.38535950e-02  1.76812023e-01  9.67812166e-02]
    [ 1.26332631e-02 -1.19485512e-01  3.60961296e-02 ...
     -1.59949943e-01  2.51378924e-01 -5.45139126e-02]
    ...
    [-1.22340091e-01  2.63554137e-02 -2.29994535e-01 ...
      3.37409750e-02  7.89640471e-02  2.17210781e-02]
    [-2.61670928e-02  4.72637787e-02 -3.45012657e-02 ...
      1.98953748e-02  6.69275820e-02  2.15010405e-01]
    [ 6.72119856e-02  2.74028908e-02  2.19048560e-01 ...
      6.67346492e-02 -3.48847210e-02 -2.07638636e-01]]

   [[-1.00507438e-01  1.29815070e-02 -2.69305520e-02 ...
     -1.42077774e-01 -1.78947836e-01  4.17727679e-02]
    [ 1.84477299e-01 -7.99076855e-02  2.12650225e-01 ...
     -2.54667461e-01 -1.41586050e-01 -4.91779819e-02]
    [-6.13519885e-02  6.42034262e-02  1.21665830e-02 ...
     -2.42872074e-01 -4.78480160e-02 -8.21062103e-02]
    ...
    [-1.82134677e-02  1.78220421e-01 -1.22055896e-02 ...
      8.54409933e-02  1.59814939e-01 -5.91079593e-02]
    [ 1.30145639e-01  8.42096210e-02  4.33534384e-02 ...
     -1.23913445e-01  6.84313476e-02  6.62543951e-03]
    [ 4.92196307e-02 -4.02615555e-02  1.49577372e-02 ...
     -1.15016922e-01  1.11840256e-01 -1.51949087e-02]]

   [[-1.11974634e-01 -3.11541054e-02 -7.40538612e-02 ...
     -2.23453902e-02  4.07981165e-02  1.10951886e-02]
    [-1.12870879e-01 -1.71500593e-01 -2.16891933e-02 ...
     -7.68130347e-02 -5.86850941e-02 -1.35156408e-01]
    [-1.11455262e-01 -5.88323399e-02  8.28105882e-02 ...
     -1.54994980e-01 -1.26558645e-02  1.80523977e-01]
    ...
    [-1.48286715e-01  1.75739348e-01  1.27592936e-01 ...
      1.29956063e-02 -8.04415792e-02 -1.69497162e-01]
    [ 6.76989183e-02 -1.84535727e-01 -1.49709076e-01 ...
      1.95764955e-02  1.45401537e-01 -9.39572603e-02]
    [-2.59180386e-02 -7.40402117e-02 -5.26304990e-02 ...
      1.04055859e-01 -2.34038800e-01 -8.13285112e-02]]]


  [[[-2.58715123e-01 -7.95462430e-02 -6.40694890e-03 ...
      1.98641598e-01 -1.59475207e-01  1.58133954e-01]
    [ 3.35611589e-02 -1.98964905e-02 -1.03166081e-01 ...
     -6.59413114e-02 -1.31400883e-01  2.63453722e-01]
    [-3.79064195e-02  1.63102895e-01  1.15060717e-01 ...
     -4.75698598e-02  7.52604604e-02  1.60338059e-01]
    ...
    [ 1.12715222e-01 -8.07710141e-02  5.57614900e-02 ...
     -7.06239343e-02 -1.09396808e-01 -3.60241421e-02]
    [ 1.78582534e-01  1.70492843e-01  1.89296812e-01 ...
     -8.86451453e-02  1.21916585e-01  4.18864302e-02]
    [-2.19033286e-01 -2.65510231e-02  1.47286775e-02 ...
     -1.03139907e-01  2.47809425e-01  2.59392291e-01]]

   [[-4.97350730e-02 -9.21587199e-02  5.92537783e-03 ...
      1.57743648e-01  1.42233446e-01 -8.41018111e-02]
    [ 9.69439000e-02 -1.38838664e-01 -2.31684238e-01 ...
     -1.04593864e-05  2.48129517e-01 -1.61901981e-01]
    [ 2.64176875e-01  1.33243039e-01 -3.10252439e-02 ...
     -1.30681694e-01  1.99075565e-01  1.14016980e-01]
    ...
    [-2.39391029e-01 -1.67178795e-01 -7.63929589e-03 ...
      6.78868145e-02  1.97028555e-02 -1.15241803e-01]
    [ 7.66284987e-02  5.47869578e-02 -7.08173886e-02 ...
      2.12225452e-01 -1.34531751e-01 -2.94141695e-02]
    [-1.12242952e-01  1.68270886e-01  2.16163427e-01 ...
     -1.46247089e-01 -1.49226576e-01  1.38605773e-01]]

   [[ 9.04974267e-02 -6.29486516e-02 -1.06370091e-01 ...
      8.44236184e-03 -1.26860142e-01  1.96025874e-02]
    [ 2.95476727e-02 -1.88867837e-01 -9.31964740e-02 ...
      4.95815463e-02  2.62112379e-01  1.84305698e-01]
    [ 3.05078831e-02 -9.45880637e-02  9.92026180e-02 ...
      2.34509945e-01 -8.09188634e-02 -8.76974985e-02]
    ...
    [-1.05318435e-01  1.70092121e-01  1.90362751e-01 ...
      9.17596295e-02  1.40185609e-01 -1.22106470e-01]
    [-1.12040704e-02 -1.22859098e-01 -4.63550836e-02 ...
     -1.96350198e-02 -4.44998443e-02 -9.24125034e-03]
    [-2.39556562e-02 -6.98821917e-02 -8.86792615e-02 ...
     -1.04836844e-01 -8.52512494e-02  1.72534361e-01]]]]]
Flattened value shape: (144, 32)
Flattened value:
[[ 0.01197161 -0.14603154 -0.05234794 ... -0.23779039 -0.11402433
   0.09417038]
 [-0.10906921  0.22340763 -0.1502247  ... -0.01476748  0.02721
  -0.00445947]
 [ 0.10413947 -0.25171643  0.01825811 ...  0.04191225 -0.06769539
   0.06108094]
 ...
 [-0.10531843  0.17009212  0.19036275 ...  0.09175963  0.14018561
  -0.12210647]
 [-0.01120407 -0.1228591  -0.04635508 ... -0.01963502 -0.04449984
  -0.00924125]
 [-0.02395566 -0.06988219 -0.08867926 ... -0.10483684 -0.08525125
   0.17253436]]