Key: conv3d_14/conv3d_14/kernel:0
Value shape: (3, 1, 1, 32, 32)
Value:
[[[[[-0.22533125 -0.11250716 -0.01693448 ...  0.1241776  -0.11767888
      0.0575328 ]
    [-0.02754442 -0.11760721  0.01091964 ... -0.02982212 -0.04383463
      0.07638842]
    [-0.08875355  0.15349422 -0.01125078 ...  0.10486579 -0.27401352
      0.2517588 ]
    ...
    [-0.29376385  0.11230448 -0.00761376 ... -0.03357345 -0.0087254
     -0.2053153 ]
    [-0.02622088  0.09560782 -0.04786111 ... -0.16027077  0.21272375
     -0.22667497]
    [-0.24007262  0.02087886 -0.03064935 ... -0.06563952 -0.06815761
      0.00766171]]]]



 [[[[ 0.0544425  -0.1260892  -0.2117281  ...  0.0566369   0.2201154
      0.01229765]
    [-0.02676894 -0.24956807  0.01588912 ... -0.02740719  0.18371357
      0.13931845]
    [-0.04543282 -0.06086751  0.13645813 ...  0.1419005  -0.1277527
     -0.08092105]
    ...
    [ 0.16012838  0.0321405   0.23716365 ... -0.09473354 -0.19091797
      0.08346046]
    [-0.00383567 -0.14277181  0.11529357 ...  0.05423774 -0.07853391
      0.16027151]
    [ 0.02892208  0.12134257 -0.09325723 ... -0.20806825  0.06433152
      0.0192371 ]]]]



 [[[[ 0.12354343  0.22632301  0.2634807  ... -0.19415975  0.04768067
      0.05551596]
    [ 0.00950634  0.05936779  0.08189107 ...  0.16002521 -0.13954975
      0.26915222]
    [ 0.10907106  0.11473436 -0.26900515 ... -0.18574491  0.24994151
      0.24252218]
    ...
    [ 0.31917265 -0.05817151  0.02856581 ... -0.15699878 -0.07367647
      0.04007165]
    [-0.0094787   0.07383855  0.08360738 ...  0.26688126  0.06411217
      0.20543085]
    [ 0.13468829 -0.17508541  0.01002433 ...  0.02553305 -0.15952171
      0.12219927]]]]]
Flattened value shape: (96, 32)
Flattened value:
[[-0.22533125 -0.11250716 -0.01693448 ...  0.1241776  -0.11767888
   0.0575328 ]
 [-0.02754442 -0.11760721  0.01091964 ... -0.02982212 -0.04383463
   0.07638842]
 [-0.08875355  0.15349422 -0.01125078 ...  0.10486579 -0.27401352
   0.2517588 ]
 ...
 [ 0.31917265 -0.05817151  0.02856581 ... -0.15699878 -0.07367647
   0.04007165]
 [-0.0094787   0.07383855  0.08360738 ...  0.26688126  0.06411217
   0.20543085]
 [ 0.13468829 -0.17508541  0.01002433 ...  0.02553305 -0.15952171
   0.12219927]]
