Key: conv3d_14/conv3d_14/bias:0
Value shape: (32,)
Value:
[-4.3769123e-04  6.1814776e-03 -1.8828971e-03  3.0550567e-05
 -3.4153569e-03  1.5217735e-03 -3.0668813e-03 -3.3296568e-03
 -3.3860488e-04  1.6468745e-03  8.1424601e-03 -1.1601830e-02
 -2.1636084e-04 -7.4002738e-03 -1.6114275e-03  1.5427748e-03
 -7.5827911e-04 -4.6483165e-04 -8.5286014e-03 -1.5022550e-03
 -3.0681803e-03 -1.4283416e-02  1.3361088e-04 -1.2222146e-04
 -1.1905454e-03 -7.6525728e-05 -6.9950954e-03  2.2724676e-03
  3.7046345e-03 -6.0449233e-03 -4.7878959e-04  7.9579704e-04]
Flattened value shape: (1, 32)
Flattened value:
[[-4.3769123e-04  6.1814776e-03 -1.8828971e-03  3.0550567e-05
  -3.4153569e-03  1.5217735e-03 -3.0668813e-03 -3.3296568e-03
  -3.3860488e-04  1.6468745e-03  8.1424601e-03 -1.1601830e-02
  -2.1636084e-04 -7.4002738e-03 -1.6114275e-03  1.5427748e-03
  -7.5827911e-04 -4.6483165e-04 -8.5286014e-03 -1.5022550e-03
  -3.0681803e-03 -1.4283416e-02  1.3361088e-04 -1.2222146e-04
  -1.1905454e-03 -7.6525728e-05 -6.9950954e-03  2.2724676e-03
   3.7046345e-03 -6.0449233e-03 -4.7878959e-04  7.9579704e-04]]