Key: conv3d_15/conv3d_15/kernel:0
Value shape: (1, 3, 3, 32, 32)
Value:
[[[[[ 0.10151542  0.00739537  0.08321987 ...  0.13164732 -0.08060369
     -0.12538287]
    [-0.04769488  0.11219075  0.11264881 ...  0.01346637  0.02471108
      0.01726483]
    [-0.07117708  0.0082435  -0.04133712 ...  0.07844122 -0.06740419
     -0.0613174 ]
    ...
    [-0.02052148  0.15229857  0.13392553 ... -0.11069856 -0.04110648
     -0.05449976]
    [ 0.0902578  -0.08996785  0.0632916  ...  0.02267325 -0.05599039
      0.02458384]
    [-0.07190254 -0.1648049  -0.06102885 ... -0.15939891  0.11004997
      0.10117865]]

   [[ 0.07246556  0.00510363 -0.13990906 ... -0.02495191 -0.143022
      0.03497529]
    [ 0.07418827 -0.10079251 -0.10683935 ... -0.10479952 -0.04104182
     -0.08609422]
    [-0.0222536  -0.08634178  0.1199813  ... -0.02678075  0.03807402
     -0.18737525]
    ...
    [ 0.08779209 -0.02549506 -0.02497188 ...  0.06866118 -0.03069273
     -0.03502842]
    [ 0.10538636  0.09852551 -0.05574878 ... -0.10320969  0.12074265
     -0.07982207]
    [-0.10182042 -0.00794703 -0.10279964 ...  0.15003772  0.03633713
      0.16833712]]

   [[-0.00049122  0.13720882  0.03454358 ... -0.15208235 -0.03181859
     -0.01909473]
    [ 0.0827888  -0.10016254 -0.0666173  ...  0.15257858 -0.04187147
     -0.01395069]
    [-0.0976309   0.18151948  0.05616578 ... -0.11309978  0.06096314
      0.11663485]
    ...
    [ 0.12545952  0.04062934 -0.03775303 ... -0.00421816  0.036546
      0.00679998]
    [-0.07909769 -0.06607651  0.02347668 ...  0.02173136  0.01965922
      0.06007966]
    [ 0.04980108 -0.07954293 -0.10904274 ...  0.02674609  0.01436169
     -0.04212816]]]


  [[[ 0.05207226 -0.05596495 -0.02486435 ...  0.02834734  0.13155437
     -0.06378122]
    [ 0.0293517   0.1391317   0.03980005 ...  0.04124956 -0.05319661
      0.07201207]
    [-0.00855051  0.0443169  -0.11033703 ...  0.1341197  -0.02674125
      0.02200454]
    ...
    [-0.13802867 -0.0312495  -0.03673517 ...  0.06952122  0.08700216
     -0.06328388]
    [-0.024761    0.15554456  0.02776279 ... -0.05974956 -0.12916763
     -0.1791503 ]
    [ 0.16462411 -0.08269052  0.04752951 ...  0.1352439  -0.0757385
      0.05360125]]

   [[-0.02934324 -0.04655364 -0.03278326 ... -0.14334379 -0.06169826
     -0.1135651 ]
    [-0.07772313 -0.04570265 -0.12599874 ...  0.10375814  0.02488492
     -0.17621043]
    [-0.04500724 -0.1363812  -0.13948175 ...  0.06801133  0.03237468
     -0.13432987]
    ...
    [-0.00081668  0.08071941 -0.12914002 ... -0.06116961  0.00941355
      0.07088072]
    [ 0.00464293 -0.02449946 -0.00393174 ...  0.02157292 -0.07003993
     -0.0430983 ]
    [ 0.03744408 -0.08914158 -0.18395226 ... -0.02664958  0.09662236
      0.02747581]]

   [[ 0.07642452 -0.05248271  0.01014534 ... -0.10420191  0.09262512
      0.03895466]
    [-0.09605964 -0.09325571 -0.06549036 ... -0.03909256  0.03305196
      0.04720349]
    [-0.00773469  0.01145189 -0.09368666 ...  0.04096217 -0.0530419
     -0.03732852]
    ...
    [-0.03291544 -0.02387344  0.10776607 ...  0.02738431  0.11518102
      0.02316443]
    [-0.02360476  0.02975973  0.03095582 ...  0.00148046  0.12862861
      0.16122422]
    [ 0.04675186  0.10342931 -0.04720049 ...  0.09105089  0.08655183
     -0.00504728]]]


  [[[-0.03545345  0.11686734  0.12031882 ...  0.00130169  0.0290087
     -0.05606037]
    [ 0.14169396 -0.11622673  0.00398889 ...  0.02102589  0.13654222
      0.01385471]
    [-0.03419403 -0.05209804 -0.00499483 ...  0.17650531  0.1033495
     -0.011554  ]
    ...
    [-0.01171895 -0.06179687 -0.08295641 ...  0.06772094 -0.05331186
      0.08395163]
    [ 0.09099736  0.1116308   0.03478191 ...  0.05899585  0.13079439
      0.10237606]
    [-0.00486742 -0.10773323 -0.0048258  ... -0.04669129  0.00282831
      0.02492579]]

   [[ 0.10881241 -0.11598367  0.05067124 ...  0.1846128   0.0397446
      0.0637723 ]
    [-0.08399694  0.01314243 -0.09241495 ...  0.17552535 -0.0807963
     -0.03108818]
    [ 0.01106604  0.05054236  0.09073923 ...  0.04012296  0.14021827
      0.02772835]
    ...
    [ 0.04298433  0.00205563  0.00377041 ...  0.08334325  0.02546684
     -0.11257953]
    [-0.01931652 -0.00125077 -0.05001995 ...  0.11277167 -0.03436933
     -0.03091669]
    [-0.08731084 -0.1282863   0.17027047 ...  0.12616839  0.04011231
     -0.14807376]]

   [[ 0.01379024 -0.09203568 -0.09177782 ...  0.15989971  0.03958304
      0.06440424]
    [ 0.05859179 -0.12208371  0.01068636 ...  0.02618337  0.00163014
     -0.03515427]
    [-0.03795579 -0.14594404 -0.03053245 ...  0.02663893  0.00800134
     -0.03673882]
    ...
    [ 0.1202506  -0.15254593  0.06472584 ... -0.07062472 -0.01097839
     -0.13068157]
    [ 0.02477478  0.11615104  0.00781589 ...  0.0964993  -0.11778167
     -0.02348084]
    [-0.04849483 -0.07723913  0.11871933 ... -0.03916413 -0.05774983
     -0.06314547]]]]]
Flattened value shape: (288, 32)
Flattened value:
[[ 0.10151542  0.00739537  0.08321987 ...  0.13164732 -0.08060369
  -0.12538287]
 [-0.04769488  0.11219075  0.11264881 ...  0.01346637  0.02471108
   0.01726483]
 [-0.07117708  0.0082435  -0.04133712 ...  0.07844122 -0.06740419
  -0.0613174 ]
 ...
 [ 0.1202506  -0.15254593  0.06472584 ... -0.07062472 -0.01097839
  -0.13068157]
 [ 0.02477478  0.11615104  0.00781589 ...  0.0964993  -0.11778167
  -0.02348084]
 [-0.04849483 -0.07723913  0.11871933 ... -0.03916413 -0.05774983
  -0.06314547]]
