Key: conv3d_15/conv3d_15/bias:0
Value shape: (32,)
Value:
[-0.00305002 -0.00091675 -0.00739878 -0.00397502 -0.00339833 -0.00889717
 -0.00299953 -0.00343262 -0.0062641   0.00270528 -0.00044142 -0.00346452
 -0.00382378  0.0041856   0.00313404  0.00086014  0.0031288   0.00285367
  0.00104133 -0.00106485 -0.00065056 -0.0006603   0.00038928  0.00820856
 -0.00798539  0.00148779  0.00355095  0.00074253 -0.00262369 -0.00263293
 -0.00340542  0.00323051]
Flattened value shape: (1, 32)
Flattened value:
[[-0.00305002 -0.00091675 -0.00739878 -0.00397502 -0.00339833 -0.00889717
  -0.00299953 -0.00343262 -0.0062641   0.00270528 -0.00044142 -0.00346452
  -0.00382378  0.0041856   0.00313404  0.00086014  0.0031288   0.00285367
   0.00104133 -0.00106485 -0.00065056 -0.0006603   0.00038928  0.00820856
  -0.00798539  0.00148779  0.00355095  0.00074253 -0.00262369 -0.00263293
  -0.00340542  0.00323051]]
