Key: conv3d_16/conv3d_16/bias:0
Value shape: (32,)
Value:
[-0.01404449 -0.00220288 -0.00914814 -0.00298585 -0.00852056 -0.01997256
 -0.0159835  -0.01014245 -0.00782675 -0.00775487 -0.00846958  0.00052701
 -0.02863925 -0.02354756 -0.00500351 -0.01997521 -0.00572445 -0.01111857
 -0.0042404  -0.00262155 -0.00705785 -0.0008657  -0.00614989 -0.00317627
 -0.00478018 -0.01653861 -0.00978624 -0.0048767  -0.01071402 -0.00063112
 -0.00557461 -0.00075937]
Flattened value shape: (1, 32)
Flattened value:
[[-0.01404449 -0.00220288 -0.00914814 -0.00298585 -0.00852056 -0.01997256
  -0.0159835  -0.01014245 -0.00782675 -0.00775487 -0.00846958  0.00052701
  -0.02863925 -0.02354756 -0.00500351 -0.01997521 -0.00572445 -0.01111857
  -0.0042404  -0.00262155 -0.00705785 -0.0008657  -0.00614989 -0.00317627
  -0.00478018 -0.01653861 -0.00978624 -0.0048767  -0.01071402 -0.00063112
  -0.00557461 -0.00075937]]
