Key: conv3d_16/conv3d_16/kernel:0
Value shape: (3, 1, 1, 32, 32)
Value:
[[[[[-0.06165698 -0.07834424  0.1134351  ...  0.0421995   0.1609199
     -0.08438052]
    [ 0.06801945  0.28037274  0.15253434 ... -0.24117212  0.21880983
     -0.00087277]
    [ 0.02505728 -0.1264961   0.17227173 ... -0.28119674  0.19637416
     -0.10285875]
    ...
    [ 0.01005459 -0.09483955  0.01270175 ...  0.15309054 -0.0439107
     -0.0441859 ]
    [-0.00209075  0.07613032  0.07010586 ...  0.06384664 -0.05804316
     -0.01474237]
    [-0.27698794 -0.09997162  0.12868355 ...  0.13063453  0.28707156
      0.08565661]]]]



 [[[[ 0.1619789   0.06259789 -0.13794519 ...  0.23837575  0.19220668
     -0.06598979]
    [-0.00855581 -0.16326277  0.07683995 ...  0.02405704 -0.03873321
     -0.08377308]
    [-0.01998776 -0.13925698 -0.18432029 ... -0.1563354  -0.08643643
     -0.2293935 ]
    ...
    [ 0.2997837  -0.11818913 -0.25456712 ...  0.16238223  0.16383158
     -0.02169394]
    [-0.14018747  0.13925342  0.10374703 ... -0.11005449  0.1085088
     -0.18290058]
    [ 0.00222795 -0.2511029  -0.2808293  ... -0.00243966  0.22852078
     -0.28736898]]]]



 [[[[ 0.09886403 -0.30235177  0.08733288 ... -0.25576952  0.25768366
      0.18326204]
    [-0.2742069  -0.2712997   0.03324204 ...  0.07851236  0.08706895
     -0.1088004 ]
    [-0.12374463  0.13419378 -0.25039446 ...  0.15794688 -0.09458537
     -0.02899968]
    ...
    [-0.05951213 -0.18016784 -0.15646675 ... -0.14277937 -0.1178542
      0.17750244]
    [ 0.21250148  0.032756   -0.10348053 ... -0.07146395  0.04984346
      0.01043596]
    [-0.09028644 -0.08623915 -0.22854675 ...  0.1695673  -0.25286847
     -0.0625473 ]]]]]
Flattened value shape: (96, 32)
Flattened value:
[[-0.06165698 -0.07834424  0.1134351  ...  0.0421995   0.1609199
  -0.08438052]
 [ 0.06801945  0.28037274  0.15253434 ... -0.24117212  0.21880983
  -0.00087277]
 [ 0.02505728 -0.1264961   0.17227173 ... -0.28119674  0.19637416
  -0.10285875]
 ...
 [-0.05951213 -0.18016784 -0.15646675 ... -0.14277937 -0.1178542
   0.17750244]
 [ 0.21250148  0.032756   -0.10348053 ... -0.07146395  0.04984346
   0.01043596]
 [-0.09028644 -0.08623915 -0.22854675 ...  0.1695673  -0.25286847
  -0.0625473 ]]
