Key: conv3d_17/conv3d_17/kernel:0
Value shape: (1, 3, 3, 32, 64)
Value:
[[[[[ 0.02504878 -0.03121405 -0.00038882 ...  0.10593877 -0.02063132
     -0.02804185]
    [ 0.07683352  0.04107713 -0.12620427 ...  0.03433893  0.10525213
      0.11694318]
    [ 0.01794712 -0.0040956   0.07967307 ... -0.12658168 -0.10595801
     -0.04508995]
    ...
    [ 0.1350303   0.11253583  0.02057477 ...  0.01045879  0.0835296
      0.00745897]
    [-0.09315263 -0.06650352  0.03360835 ... -0.01418847  0.05467594
     -0.00596317]
    [-0.02457889 -0.02073518 -0.02747375 ...  0.12760742  0.03161512
      0.01135039]]

   [[ 0.0699715   0.04616125  0.03873141 ... -0.02012986  0.05149071
     -0.01141563]
    [-0.04456976  0.07372622 -0.0161414  ...  0.13554142 -0.02187354
     -0.16297673]
    [ 0.00667329 -0.06260008 -0.13583533 ...  0.06742814 -0.00746166
     -0.01486402]
    ...
    [ 0.06671117  0.02147152 -0.04044773 ...  0.05896468 -0.02791659
     -0.09322054]
    [-0.03140174  0.033268   -0.04196979 ... -0.09177395 -0.09074707
      0.04822144]
    [-0.08527485  0.03905549 -0.09752405 ... -0.04264947  0.07738845
      0.04198309]]

   [[-0.10134406  0.03866949 -0.08771902 ...  0.00633895  0.03144969
     -0.04718904]
    [-0.08961106  0.04363098 -0.02966207 ...  0.02371512 -0.01977793
     -0.09716859]
    [-0.15384136 -0.07590881 -0.05389695 ... -0.11641363  0.07609835
     -0.11379471]
    ...
    [-0.06799464 -0.00575844  0.10057085 ...  0.01026443 -0.01770444
      0.08436777]
    [ 0.02530189 -0.06291792  0.11056775 ... -0.01004289 -0.02817871
     -0.0927521 ]
    [ 0.06153533 -0.09854989 -0.07283618 ... -0.027048    0.07236414
      0.18746068]]]


  [[[ 0.04628427 -0.06570257  0.04077042 ...  0.16900432 -0.01086177
     -0.05435651]
    [-0.03528899 -0.13446087 -0.00056544 ... -0.11512472  0.11061326
     -0.02345696]
    [ 0.01266876 -0.15021859 -0.01870929 ...  0.07776747  0.10026606
     -0.08125088]
    ...
    [ 0.06643979 -0.00951689  0.0592825  ...  0.06527437 -0.06111892
     -0.15348193]
    [-0.03221692  0.07596969  0.06199015 ... -0.08579079 -0.08653768
     -0.03028003]
    [ 0.15774776  0.01741473  0.10452199 ...  0.10774342 -0.07657725
     -0.05868293]]

   [[-0.02398349  0.16253196  0.0174567  ...  0.08974023 -0.09288276
     -0.06350782]
    [-0.01868361 -0.00482787  0.06734656 ...  0.16845949 -0.05611498
     -0.15486266]
    [ 0.09142999 -0.12010083  0.13833459 ...  0.01532846 -0.03627536
     -0.1636843 ]
    ...
    [ 0.13584718  0.08463116  0.06470832 ...  0.01823308 -0.02374195
     -0.00742763]
    [-0.13096964 -0.14330584  0.00181226 ... -0.15139405 -0.06587405
      0.03513102]
    [-0.0496309   0.02374661 -0.00618849 ... -0.12702696 -0.10273388
     -0.06992567]]

   [[-0.01625655 -0.09054017 -0.05520729 ...  0.05338357 -0.15671468
     -0.124135  ]
    [ 0.02657474  0.05528566  0.08853216 ... -0.01547625  0.015832
     -0.08895622]
    [-0.14430182  0.06534766  0.07999484 ...  0.09789153 -0.10564581
     -0.05466093]
    ...
    [ 0.05353657 -0.04875539  0.04858917 ...  0.05233866 -0.105348
     -0.09366135]
    [-0.11760613  0.06740406 -0.00433481 ...  0.11316057  0.12308718
      0.04988749]
    [ 0.01096039 -0.05226025  0.02076663 ... -0.16925791  0.0074619
      0.06028402]]]


  [[[-0.0095545  -0.09866688  0.05550831 ...  0.01468961 -0.02969636
     -0.14328936]
    [-0.07677735  0.00050168  0.04745639 ...  0.03859255  0.04664514
     -0.11231521]
    [ 0.10729101  0.04879408 -0.07220887 ...  0.01382517  0.1731878
     -0.06360753]
    ...
    [-0.13170314 -0.01763633  0.06616136 ... -0.04990606 -0.00051153
      0.14191052]
    [-0.10321052  0.17361377  0.11325306 ...  0.08339448 -0.09675132
      0.04527088]
    [-0.02091372 -0.10317     0.08126949 ... -0.00623276 -0.03743416
      0.01684504]]

   [[-0.11366729  0.04346496  0.12792258 ... -0.03897281 -0.00180613
     -0.04109892]
    [ 0.07569618 -0.14606921 -0.01921831 ... -0.03581207  0.09890712
      0.03672821]
    [ 0.05487709 -0.11242051 -0.044884   ... -0.05599907 -0.05804764
     -0.00110824]
    ...
    [ 0.06833529  0.0697841   0.08270466 ... -0.02231483  0.08269738
      0.10142595]
    [ 0.00939815 -0.02303035  0.0032569  ...  0.10985649  0.1140592
      0.07969935]
    [-0.04243496  0.09834943  0.01192236 ... -0.09131544  0.03640229
     -0.0132293 ]]

   [[ 0.01727138  0.07533067  0.03123987 ...  0.03307955  0.01364115
      0.17171448]
    [ 0.06826101  0.05857776  0.03020043 ...  0.00268717  0.00063651
      0.1294037 ]
    [-0.0246583   0.01203718 -0.04389998 ...  0.04336024  0.09085266
      0.03232186]
    ...
    [ 0.03018923 -0.05900777  0.00830199 ...  0.12625764  0.05045563
      0.09915116]
    [-0.04553939  0.08203001 -0.05090093 ...  0.0283117   0.10383527
      0.11790687]
    [-0.14296451  0.10905967 -0.03870999 ... -0.05641957  0.09257505
      0.01177683]]]]]
Flattened value shape: (288, 64)
Flattened value:
[[ 0.02504878 -0.03121405 -0.00038882 ...  0.10593877 -0.02063132
  -0.02804185]
 [ 0.07683352  0.04107713 -0.12620427 ...  0.03433893  0.10525213
   0.11694318]
 [ 0.01794712 -0.0040956   0.07967307 ... -0.12658168 -0.10595801
  -0.04508995]
 ...
 [ 0.03018923 -0.05900777  0.00830199 ...  0.12625764  0.05045563
   0.09915116]
 [-0.04553939  0.08203001 -0.05090093 ...  0.0283117   0.10383527
   0.11790687]
 [-0.14296451  0.10905967 -0.03870999 ... -0.05641957  0.09257505
   0.01177683]]
