Key: conv3d_17/conv3d_17/bias:0
Value shape: (64,)
Value:
[-0.00441035  0.03994605 -0.01066293 -0.0109496   0.0449641  -0.04730231
 -0.04429821 -0.04971658  0.04986674  0.02670931  0.01292251 -0.07335718
 -0.06367972 -0.05679804  0.04345692  0.00149941  0.02913346  0.00287114
 -0.03183245  0.04572085 -0.04738733  0.00772255 -0.00751997 -0.04390481
 -0.04964546 -0.03679795  0.02686174 -0.06637845  0.01961762 -0.04288047
  0.00459695 -0.09637667 -0.01815971  0.00232948 -0.04448301  0.02999658
 -0.02288733  0.00317467 -0.04227783  0.00546502  0.0037624  -0.00369233
  0.00925343  0.0187672   0.03401219  0.0561746  -0.02922431 -0.01613384
 -0.01551916 -0.05322523 -0.03464131 -0.0436928  -0.06321506 -0.02785104
 -0.04698839 -0.07821555  0.00717484 -0.06218111 -0.0594707  -0.03890451
  0.01191586  0.02046748 -0.02483658 -0.01644915]
Flattened value shape: (1, 64)
Flattened value:
[[-0.00441035  0.03994605 -0.01066293 -0.0109496   0.0449641  -0.04730231
  -0.04429821 -0.04971658  0.04986674  0.02670931  0.01292251 -0.07335718
  -0.06367972 -0.05679804  0.04345692  0.00149941  0.02913346  0.00287114
  -0.03183245  0.04572085 -0.04738733  0.00772255 -0.00751997 -0.04390481
  -0.04964546 -0.03679795  0.02686174 -0.06637845  0.01961762 -0.04288047
   0.00459695 -0.09637667 -0.01815971  0.00232948 -0.04448301  0.02999658
  -0.02288733  0.00317467 -0.04227783  0.00546502  0.0037624  -0.00369233
   0.00925343  0.0187672   0.03401219  0.0561746  -0.02922431 -0.01613384
  -0.01551916 -0.05322523 -0.03464131 -0.0436928  -0.06321506 -0.02785104
  -0.04698839 -0.07821555  0.00717484 -0.06218111 -0.0594707  -0.03890451
   0.01191586  0.02046748 -0.02483658 -0.01644915]]
