Key: conv3d_18/conv3d_18/bias:0
Value shape: (64,)
Value:
[-0.03280026 -0.02495113 -0.04013601  0.00021994 -0.04702022 -0.00689954
 -0.02322805 -0.09110289 -0.03139748 -0.01052237 -0.03087963 -0.04470782
 -0.04092387 -0.00840716 -0.03660482 -0.01871029 -0.11468953  0.06148442
 -0.0340964  -0.0581174  -0.04288073 -0.02133617  0.0097828  -0.07366252
 -0.03443288 -0.01563474 -0.03626959 -0.05216618 -0.00251121 -0.03345639
  0.01364224 -0.00021013  0.01188424 -0.03752485 -0.04017462 -0.07355743
 -0.0434086   0.05156148 -0.05322083 -0.01980584 -0.02486244 -0.0432975
 -0.05084222 -0.03148238 -0.04382133 -0.06262095 -0.01444911 -0.01314348
 -0.05847884 -0.09833368 -0.0511742  -0.00496032 -0.06519189  0.00434986
 -0.0246326   0.00410272 -0.06168827  0.01059699 -0.02389847 -0.02869799
 -0.01142494 -0.07315041 -0.05971505  0.00046636]
Flattened value shape: (1, 64)
Flattened value:
[[-0.03280026 -0.02495113 -0.04013601  0.00021994 -0.04702022 -0.00689954
  -0.02322805 -0.09110289 -0.03139748 -0.01052237 -0.03087963 -0.04470782
  -0.04092387 -0.00840716 -0.03660482 -0.01871029 -0.11468953  0.06148442
  -0.0340964  -0.0581174  -0.04288073 -0.02133617  0.0097828  -0.07366252
  -0.03443288 -0.01563474 -0.03626959 -0.05216618 -0.00251121 -0.03345639
   0.01364224 -0.00021013  0.01188424 -0.03752485 -0.04017462 -0.07355743
  -0.0434086   0.05156148 -0.05322083 -0.01980584 -0.02486244 -0.0432975
  -0.05084222 -0.03148238 -0.04382133 -0.06262095 -0.01444911 -0.01314348
  -0.05847884 -0.09833368 -0.0511742  -0.00496032 -0.06519189  0.00434986
  -0.0246326   0.00410272 -0.06168827  0.01059699 -0.02389847 -0.02869799
  -0.01142494 -0.07315041 -0.05971505  0.00046636]]
