Key: conv3d_18/conv3d_18/kernel:0
Value shape: (3, 1, 1, 64, 64)
Value:
[[[[[ 1.18423037e-01 -1.09002352e-01  1.17665254e-01 ...
     -1.43374875e-01  6.30719773e-03 -1.23911649e-01]
    [ 7.33729824e-02 -4.86273430e-02  5.65662198e-02 ...
      4.75031994e-02  3.29099894e-02 -3.98604162e-02]
    [ 2.00876892e-01 -1.70157194e-01  2.32365951e-01 ...
     -1.18611641e-01  2.80348100e-02 -1.72588885e-01]
    ...
    [-1.97218597e-01  1.46863818e-01 -1.21772274e-01 ...
      2.15884030e-01 -6.18981430e-03  5.65451980e-02]
    [ 1.23141818e-02 -9.81564522e-02  7.56062865e-02 ...
      4.47532441e-03 -1.17758274e-01 -8.46773852e-03]
    [-1.64081082e-01 -3.84199992e-02  1.60459857e-02 ...
      1.41441837e-01 -1.55177742e-01 -1.48446441e-01]]]]



 [[[[ 1.32774457e-01  6.27013221e-02 -1.60843074e-01 ...
      9.95641649e-02 -1.25912756e-01  6.11807443e-02]
    [ 9.17318091e-03 -6.68957084e-02 -1.46169448e-02 ...
      1.16345853e-01 -1.21912219e-01  3.83471102e-02]
    [ 5.93391508e-02  4.53915335e-02  1.87799130e-02 ...
      2.73558982e-02 -7.14959279e-02 -4.53362055e-02]
    ...
    [ 6.86556101e-03 -1.75086722e-01  3.51314917e-02 ...
      5.99242672e-02 -1.08591259e-01 -1.15890168e-01]
    [-6.51650429e-02  5.99710234e-02  9.45549980e-02 ...
     -1.38407394e-01 -1.78405255e-01  8.45731422e-02]
    [-7.04345703e-02  1.25832018e-02  1.99869815e-02 ...
     -1.30933076e-01  1.89384535e-01  3.51836830e-02]]]]



 [[[[-6.41804188e-02 -6.09518178e-02  1.51907191e-01 ...
      7.44724944e-02  2.20482543e-01 -1.24173664e-01]
    [ 1.63216725e-01 -1.18728213e-01 -1.40185424e-04 ...
      3.95489531e-03 -1.30503029e-01  8.35784897e-02]
    [ 1.09737292e-01 -5.89465983e-02 -1.07249424e-01 ...
      1.53693333e-02 -1.51761770e-02 -1.28829271e-01]
    ...
    [-7.39763379e-02 -8.94950554e-02  1.86806768e-01 ...
      3.42194997e-02 -1.40908360e-01  1.68769844e-02]
    [ 1.04088023e-01  1.48209825e-01 -3.35239917e-02 ...
     -4.34401929e-02  7.10027665e-02 -3.81429978e-02]
    [-1.33460253e-01 -1.38234526e-01 -1.34835325e-04 ...
     -8.39372426e-02 -1.90861411e-02  1.00766666e-01]]]]]
Flattened value shape: (192, 64)
Flattened value:
[[ 1.18423037e-01 -1.09002352e-01  1.17665254e-01 ... -1.43374875e-01
   6.30719773e-03 -1.23911649e-01]
 [ 7.33729824e-02 -4.86273430e-02  5.65662198e-02 ...  4.75031994e-02
   3.29099894e-02 -3.98604162e-02]
 [ 2.00876892e-01 -1.70157194e-01  2.32365951e-01 ... -1.18611641e-01
   2.80348100e-02 -1.72588885e-01]
 ...
 [-7.39763379e-02 -8.94950554e-02  1.86806768e-01 ...  3.42194997e-02
  -1.40908360e-01  1.68769844e-02]
 [ 1.04088023e-01  1.48209825e-01 -3.35239917e-02 ... -4.34401929e-02
   7.10027665e-02 -3.81429978e-02]
 [-1.33460253e-01 -1.38234526e-01 -1.34835325e-04 ... -8.39372426e-02
  -1.90861411e-02  1.00766666e-01]]