Key: conv3d_19/conv3d_19/kernel:0
Value shape: (1, 3, 3, 64, 64)
Value:
[[[[[-0.01075111 -0.01068636 -0.02312392 ... -0.08100933 -0.04405422
      0.03337745]
    [ 0.03883376 -0.01828242 -0.07087632 ...  0.01052656  0.0011791
     -0.1291294 ]
    [ 0.06024114  0.07498068  0.03242121 ... -0.02865392 -0.01722933
      0.04202082]
    ...
    [ 0.03197701 -0.01238893 -0.02701424 ... -0.01094131 -0.0066744
      0.05626023]
    [ 0.06620743  0.01494245  0.00426824 ... -0.09160522  0.01275943
      0.0067544 ]
    [ 0.07101551 -0.00847883 -0.02931581 ...  0.0226288  -0.02895279
     -0.04587128]]

   [[-0.08109985 -0.07141609 -0.04612438 ... -0.11670566  0.01854211
      0.10837082]
    [ 0.01786467 -0.09851698  0.02948711 ... -0.00371965 -0.01035012
      0.02322259]
    [-0.05981881 -0.05002971  0.01094435 ... -0.02129086 -0.06249731
     -0.03376857]
    ...
    [-0.02577158  0.00494796  0.07763983 ... -0.01642139 -0.06152506
     -0.07923005]
    [-0.00677114 -0.0532949   0.01579315 ...  0.00388367 -0.08631933
     -0.0633249 ]
    [-0.05119889 -0.02806629  0.05571022 ...  0.0309672  -0.01544528
      0.1001296 ]]

   [[ 0.06830474 -0.06490178 -0.03753895 ... -0.01150322 -0.01825161
      0.06727454]
    [-0.05226471  0.00797005  0.0840386  ... -0.01482833 -0.0438404
      0.01829693]
    [ 0.09329972 -0.01966715  0.05754394 ...  0.01422157 -0.07385736
      0.02130114]
    ...
    [ 0.09014318  0.09507047 -0.00998937 ...  0.02282474  0.07419342
     -0.01963689]
    [-0.062902   -0.07934399  0.08807782 ...  0.04403884 -0.01794274
      0.0089805 ]
    [ 0.00132805 -0.03474919  0.12079174 ... -0.01684647  0.06392581
     -0.03574836]]]


  [[[ 0.03782341 -0.07527162  0.01976919 ... -0.06692497  0.05905312
      0.01827841]
    [-0.08605656  0.05149306 -0.00455443 ... -0.00720585 -0.02056433
      0.04818406]
    [ 0.04755873 -0.04510575  0.08982496 ...  0.04674226 -0.07405236
      0.03313635]
    ...
    [-0.06353951 -0.03134947  0.04359423 ...  0.10830902  0.02014237
     -0.00704034]
    [-0.11908123 -0.0254732   0.05859285 ... -0.09688187 -0.03172087
      0.01067608]
    [ 0.01533258 -0.08452651 -0.04027748 ...  0.08989144 -0.00591515
     -0.05487682]]

   [[-0.02973521  0.01387027 -0.01186327 ... -0.00742751 -0.02956364
      0.02038259]
    [-0.06172853  0.06182728  0.02711968 ... -0.04116373 -0.07691354
     -0.05791894]
    [-0.01558889 -0.049881   -0.02823837 ... -0.03556409 -0.00427991
      0.01876455]
    ...
    [-0.08647832  0.0233347   0.06822374 ... -0.01245055 -0.07087571
      0.11960313]
    [-0.07786375  0.09198416 -0.01339644 ... -0.03262589  0.05441341
      0.03168454]
    [-0.02227382 -0.07235046 -0.01725253 ... -0.07196093  0.0006603
     -0.05768577]]

   [[-0.11150635 -0.02147837 -0.02147721 ... -0.01008501  0.05762028
     -0.01422036]
    [ 0.05194709  0.05644032 -0.08775135 ...  0.07645069 -0.03738974
      0.02142358]
    [ 0.01656224 -0.01924579  0.00988381 ... -0.00932866 -0.08298069
     -0.04781615]
    ...
    [-0.02261183  0.1157225   0.01255164 ... -0.03227501  0.09931257
     -0.10829872]
    [ 0.0543064  -0.02736074  0.10026884 ...  0.09838114  0.10513744
      0.07320851]
    [-0.01818971  0.00231331  0.06633236 ...  0.07693655  0.05636304
      0.12986927]]]


  [[[-0.05144106  0.02229126 -0.00015857 ... -0.01231129  0.01198065
     -0.01863166]
    [ 0.07134207  0.0290914  -0.05914002 ... -0.00458943  0.01512879
      0.01760179]
    [-0.05134673 -0.09052745 -0.01912318 ... -0.01876203 -0.0491641
      0.05223067]
    ...
    [-0.06019849  0.02720031  0.00745023 ... -0.03182978 -0.01230071
     -0.01562482]
    [ 0.10323579 -0.03675137 -0.08739311 ...  0.01564565  0.03100222
     -0.04279605]
    [-0.09320611 -0.04875898  0.08126146 ...  0.00640394 -0.01443516
      0.06978006]]

   [[ 0.04977661 -0.03222533 -0.038263   ...  0.00974891 -0.06190403
     -0.02428787]
    [ 0.08167516  0.03665004 -0.10322645 ...  0.04734432  0.00359178
      0.0103673 ]
    [ 0.01968705 -0.03885335 -0.01601698 ... -0.04810318  0.09872931
      0.00690547]
    ...
    [ 0.0062564  -0.0521779  -0.00853199 ...  0.04299966 -0.05566169
      0.0060145 ]
    [-0.04676954  0.04556458 -0.08696931 ... -0.08065178  0.08288538
     -0.05311742]
    [ 0.01662631  0.03830491 -0.0434202  ...  0.01965946  0.06844057
      0.01548304]]

   [[ 0.01152831 -0.11985824 -0.0192701  ...  0.03350127 -0.00822678
      0.04541839]
    [-0.03349882 -0.03825957  0.06194741 ... -0.0423889   0.03493124
      0.06444263]
    [-0.05993198 -0.05481607  0.04067729 ... -0.046429   -0.00347294
      0.07191782]
    ...
    [ 0.13317108  0.04710953  0.01962569 ...  0.0009153   0.02830463
     -0.02235345]
    [ 0.08922807 -0.02580889  0.00088386 ...  0.01646325 -0.03509611
     -0.05460542]
    [ 0.02493108 -0.03283209 -0.02140228 ...  0.02176858 -0.00023234
      0.05008731]]]]]
Flattened value shape: (576, 64)
Flattened value:
[[-0.01075111 -0.01068636 -0.02312392 ... -0.08100933 -0.04405422
   0.03337745]
 [ 0.03883376 -0.01828242 -0.07087632 ...  0.01052656  0.0011791
  -0.1291294 ]
 [ 0.06024114  0.07498068  0.03242121 ... -0.02865392 -0.01722933
   0.04202082]
 ...
 [ 0.13317108  0.04710953  0.01962569 ...  0.0009153   0.02830463
  -0.02235345]
 [ 0.08922807 -0.02580889  0.00088386 ...  0.01646325 -0.03509611
  -0.05460542]
 [ 0.02493108 -0.03283209 -0.02140228 ...  0.02176858 -0.00023234
   0.05008731]]
