Key: conv3d_19/conv3d_19/bias:0
Value shape: (64,)
Value:
[ 0.02130747 -0.02090103  0.00550614  0.03763193  0.03518558 -0.04568158
  0.03390423  0.01135533  0.06184376 -0.03363397  0.01922888 -0.01510336
 -0.02157769  0.03127788  0.00676962 -0.00447895 -0.03747266 -0.04879762
  0.04254619 -0.05549373  0.07099798 -0.00915917 -0.02366487 -0.01955533
  0.07355923 -0.00453675  0.05124532 -0.01175396 -0.04325263  0.00130401
 -0.03082627  0.01754369  0.02534101  0.02739292 -0.02393893  0.01259943
  0.06911624  0.00037885  0.00388543 -0.01597063 -0.02057843 -0.01541294
 -0.02507784  0.04310924 -0.02097453  0.02454343 -0.03509124 -0.03484563
 -0.00468948 -0.00078487  0.01090014 -0.04060585 -0.01517865 -0.02231547
 -0.01799295 -0.00316835 -0.00145671  0.01340707 -0.01810092 -0.01320856
 -0.02925347  0.03498188 -0.00761253 -0.03395067]
Flattened value shape: (1, 64)
Flattened value:
[[ 0.02130747 -0.02090103  0.00550614  0.03763193  0.03518558 -0.04568158
   0.03390423  0.01135533  0.06184376 -0.03363397  0.01922888 -0.01510336
  -0.02157769  0.03127788  0.00676962 -0.00447895 -0.03747266 -0.04879762
   0.04254619 -0.05549373  0.07099798 -0.00915917 -0.02366487 -0.01955533
   0.07355923 -0.00453675  0.05124532 -0.01175396 -0.04325263  0.00130401
  -0.03082627  0.01754369  0.02534101  0.02739292 -0.02393893  0.01259943
   0.06911624  0.00037885  0.00388543 -0.01597063 -0.02057843 -0.01541294
  -0.02507784  0.04310924 -0.02097453  0.02454343 -0.03509124 -0.03484563
  -0.00468948 -0.00078487  0.01090014 -0.04060585 -0.01517865 -0.02231547
  -0.01799295 -0.00316835 -0.00145671  0.01340707 -0.01810092 -0.01320856
  -0.02925347  0.03498188 -0.00761253 -0.03395067]]