Key: conv3d_20/conv3d_20/bias:0
Value shape: (64,)
Value:
[-0.0981254  -0.07584915 -0.05647295 -0.00488734 -0.04582238 -0.05643029
 -0.01440934  0.04769198 -0.06355492  0.03760987  0.01605198 -0.01715698
  0.02769423 -0.09484144  0.01182722  0.00779242  0.05176051  0.0370369
 -0.06217248 -0.00616266 -0.04578054 -0.01174229 -0.02555957 -0.04776579
 -0.01428225 -0.00011503 -0.03695553 -0.07179188 -0.0465756   0.00674886
 -0.05848687  0.01233888 -0.03540043  0.00087736 -0.00167037 -0.01475967
 -0.06895646 -0.07405018 -0.00803991 -0.0957877  -0.05363175 -0.00619008
 -0.00078829 -0.02290028 -0.0684585  -0.00290667 -0.04443788 -0.01105952
 -0.05383564 -0.03867741 -0.03939395 -0.0032479   0.0413942  -0.00066579
 -0.00369973 -0.06910664 -0.05377331 -0.0232162  -0.04864388  0.03236895
 -0.02974389 -0.06451921 -0.03520386 -0.06189815]
Flattened value shape: (1, 64)
Flattened value:
[[-0.0981254  -0.07584915 -0.05647295 -0.00488734 -0.04582238 -0.05643029
  -0.01440934  0.04769198 -0.06355492  0.03760987  0.01605198 -0.01715698
   0.02769423 -0.09484144  0.01182722  0.00779242  0.05176051  0.0370369
  -0.06217248 -0.00616266 -0.04578054 -0.01174229 -0.02555957 -0.04776579
  -0.01428225 -0.00011503 -0.03695553 -0.07179188 -0.0465756   0.00674886
  -0.05848687  0.01233888 -0.03540043  0.00087736 -0.00167037 -0.01475967
  -0.06895646 -0.07405018 -0.00803991 -0.0957877  -0.05363175 -0.00619008
  -0.00078829 -0.02290028 -0.0684585  -0.00290667 -0.04443788 -0.01105952
  -0.05383564 -0.03867741 -0.03939395 -0.0032479   0.0413942  -0.00066579
  -0.00369973 -0.06910664 -0.05377331 -0.0232162  -0.04864388  0.03236895
  -0.02974389 -0.06451921 -0.03520386 -0.06189815]]