Key: conv3d_20/conv3d_20/kernel:0
Value shape: (3, 1, 1, 64, 64)
Value:
[[[[[ 0.18065873 -0.1274923  -0.02229962 ...  0.00316635 -0.08850691
     -0.09044522]
    [-0.1877687  -0.03066876  0.02055592 ...  0.03673546  0.15338995
     -0.21531373]
    [-0.15401529  0.04485861  0.06032844 ...  0.18465863  0.07421597
      0.05199587]
    ...
    [-0.18502116  0.04982046 -0.06859537 ... -0.07584421  0.13505204
      0.15334418]
    [-0.11373509 -0.01678309 -0.1318225  ...  0.00050045  0.06880677
     -0.11872885]
    [ 0.16699438 -0.12670287 -0.01524044 ...  0.02600352  0.01092628
      0.02835522]]]]



 [[[[-0.154372   -0.07695282 -0.14247708 ...  0.16344921  0.1998517
     -0.0441841 ]
    [ 0.00914474  0.08123475  0.00975853 ... -0.08725024 -0.05222082
     -0.04789456]
    [ 0.09403414  0.12135448 -0.00250654 ... -0.22059344 -0.06077438
      0.12238757]
    ...
    [-0.02676001 -0.17114118 -0.07366822 ...  0.06619862  0.1457677
     -0.08397546]
    [ 0.15744668  0.14869337  0.10489845 ... -0.010279    0.01241613
      0.02561071]
    [-0.0905045  -0.00677574 -0.00249007 ...  0.06663819 -0.01223078
      0.0188928 ]]]]



 [[[[ 0.12635049 -0.15092027 -0.13951436 ... -0.16093758  0.2063085
      0.05203791]
    [ 0.04639799  0.13300729  0.1197769  ...  0.00736635  0.02094911
     -0.02058288]
    [ 0.06209852  0.0143743  -0.0185615  ...  0.00434584  0.06949041
      0.21979232]
    ...
    [ 0.06493222  0.02038051  0.11785782 ... -0.02196596 -0.1974776
     -0.07393327]
    [ 0.07579684 -0.22299115  0.00797766 ...  0.00049559  0.03416027
      0.13764217]
    [ 0.01580027  0.10747322 -0.00954026 ... -0.08160736  0.05038955
      0.02743295]]]]]
Flattened value shape: (192, 64)
Flattened value:
[[ 0.18065873 -0.1274923  -0.02229962 ...  0.00316635 -0.08850691
  -0.09044522]
 [-0.1877687  -0.03066876  0.02055592 ...  0.03673546  0.15338995
  -0.21531373]
 [-0.15401529  0.04485861  0.06032844 ...  0.18465863  0.07421597
   0.05199587]
 ...
 [ 0.06493222  0.02038051  0.11785782 ... -0.02196596 -0.1974776
  -0.07393327]
 [ 0.07579684 -0.22299115  0.00797766 ...  0.00049559  0.03416027
   0.13764217]
 [ 0.01580027  0.10747322 -0.00954026 ... -0.08160736  0.05038955
   0.02743295]]
