Key: conv3d_21/conv3d_21/kernel:0
Value shape: (1, 3, 3, 64, 128)
Value:
[[[[[ 9.41100437e-03  7.36706005e-03 -1.13757290e-01 ...
     -2.20273100e-02 -9.51850880e-03 -4.13385406e-03]
    [ 2.37373821e-02 -6.53539374e-02 -5.14631979e-02 ...
     -8.16241950e-02 -1.26027837e-01 -6.83962484e-04]
    [-2.90452261e-02 -9.44594592e-02 -1.94716714e-02 ...
      3.18138450e-02 -4.26391559e-03 -1.39562618e-02]
    ...
    [ 1.65205989e-02  8.65662619e-02  7.04408390e-03 ...
      4.56830934e-02  1.20235443e-01  6.57007098e-03]
    [ 8.81734639e-02  7.81306922e-02  3.94801237e-02 ...
     -1.58742424e-02  3.33368662e-04 -1.22032344e-01]
    [ 7.21379668e-02  9.44123417e-02 -7.69197568e-03 ...
      3.45968045e-02  5.51866833e-03 -7.70561472e-02]]

   [[-2.96768937e-02 -6.37760907e-02 -9.73566696e-02 ...
      3.18875499e-02 -7.72263855e-02  9.45826024e-02]
    [ 7.24229366e-02  6.64488450e-02 -3.56972888e-02 ...
      5.45434793e-03 -9.51016545e-02  5.68989888e-02]
    [ 3.14366072e-02 -3.34101096e-02 -4.56180573e-02 ...
     -7.20054507e-02  3.58362198e-02 -2.86368504e-02]
    ...
    [-1.39395213e-02 -1.62949879e-02 -6.83620647e-02 ...
      9.01546180e-02 -1.30437147e-02  7.88361505e-02]
    [-9.37748253e-02  9.05195102e-02 -9.24599320e-02 ...
      4.30843979e-03 -3.45593207e-02  5.51648699e-02]
    [-9.71103236e-02  1.85770765e-02  3.99892405e-02 ...
     -5.28369769e-02  4.61222343e-02 -5.81759773e-03]]

   [[-4.54732813e-02 -2.53864527e-02 -8.71092379e-02 ...
      1.14292158e-02  1.88163463e-02 -3.55170220e-02]
    [-1.17154926e-01 -1.06434397e-01  5.23154140e-02 ...
      5.61601191e-04  3.12902927e-02  9.67426524e-02]
    [-1.04818977e-01  2.73710582e-02  2.00438518e-02 ...
      7.76985362e-02 -8.61224011e-02 -3.39937359e-02]
    ...
    [-8.47366899e-02  6.86475262e-02 -3.94913666e-02 ...
     -2.34412178e-02 -5.52744716e-02 -2.32014284e-02]
    [-2.70211194e-02  5.55829294e-02 -7.39640743e-02 ...
     -5.77865802e-02 -4.34387587e-02  3.53756128e-03]
    [ 7.53548695e-03 -7.90729448e-02  2.59068166e-03 ...
     -6.04811460e-02  6.21166080e-02 -4.74591963e-02]]]


  [[[-5.82919270e-02 -3.69540714e-02 -1.33089321e-02 ...
      3.64431366e-02 -8.68206657e-03  1.21377949e-02]
    [ 3.37546505e-02 -2.29558013e-02  8.63553062e-02 ...
      2.63515976e-03  5.84479757e-02  5.71048371e-02]
    [ 5.75149506e-02  2.22244151e-02  4.36582901e-02 ...
     -4.12792712e-03 -8.12818483e-02  1.00945570e-01]
    ...
    [-1.13697365e-01  5.76050691e-02  1.07105181e-01 ...
      5.41545637e-03 -5.16360439e-02  5.71165718e-02]
    [-2.40108953e-03 -2.53479127e-02  2.38542072e-02 ...
     -4.70041409e-02  4.00543995e-02  1.94016416e-02]
    [-1.60892177e-02 -6.27655536e-02  4.26010862e-02 ...
      1.90925151e-02  8.36727396e-02 -7.10020736e-02]]

   [[ 7.40626603e-02 -8.37676674e-02  3.23915184e-02 ...
      2.02143347e-05  6.41242787e-02 -4.01159897e-02]
    [-5.00179082e-02 -5.24842478e-02  3.13438997e-02 ...
     -8.00622851e-02  9.99033153e-02 -3.45321489e-03]
    [ 3.30972821e-02  3.59262004e-02 -6.47473475e-03 ...
     -1.27769224e-02 -6.22089319e-02 -3.35448347e-02]
    ...
    [ 2.17931606e-02  2.35953014e-02 -6.85608760e-02 ...
      2.02320819e-03 -4.91300151e-02  4.76944223e-02]
    [ 3.09924781e-02  4.10124436e-02  5.40551543e-02 ...
     -2.32291240e-02 -7.13425949e-02 -8.07621107e-02]
    [ 3.00009102e-02 -1.08891249e-01 -5.31971976e-02 ...
     -7.55297113e-03 -3.69296446e-02 -4.97053489e-02]]

   [[-5.12528839e-03  8.93270597e-02 -2.29393132e-02 ...
      8.60701203e-02 -1.03686854e-01 -5.46045555e-03]
    [-5.64653948e-02  1.03068464e-01  1.02907002e-01 ...
     -4.59113047e-02 -7.25883767e-02 -2.22942177e-02]
    [-1.68830678e-02  8.01580101e-02 -2.66837180e-02 ...
     -2.27064285e-02 -9.52128470e-02 -4.50300276e-02]
    ...
    [ 4.72230054e-02 -4.08794954e-02  1.22786667e-02 ...
     -7.32209021e-03 -6.52692616e-02 -4.83605824e-02]
    [-9.13463086e-02  6.48890138e-02  1.79678798e-02 ...
     -6.51827082e-02  5.84765300e-02  6.73841387e-02]
    [ 2.10207663e-02  5.05308900e-03 -1.42721757e-01 ...
      8.32372829e-02  4.76067737e-02  5.02476469e-02]]]


  [[[-3.54526080e-02 -5.36235273e-02 -5.12012560e-03 ...
      9.93258581e-02  7.64089078e-02 -1.53548671e-02]
    [-9.34155136e-02 -1.44100012e-02  4.00955379e-02 ...
     -5.66885015e-03 -1.23622734e-03 -7.43891224e-02]
    [-7.29215965e-02 -9.81163383e-02 -3.96166444e-02 ...
      1.63332149e-02 -3.77455167e-02 -7.03801662e-02]
    ...
    [-5.63538708e-02 -8.87236074e-02 -6.72758222e-02 ...
      3.17801982e-02  5.59525490e-02  6.05643168e-02]
    [ 8.74252245e-02  5.16608879e-02  3.20373438e-02 ...
     -2.15800945e-02  5.44238463e-02  5.23454845e-02]
    [ 4.93921265e-02  6.90194368e-02  5.97788543e-02 ...
     -5.48174717e-02  2.56129894e-02 -6.72599971e-02]]

   [[-6.98497891e-02  3.26619856e-02 -6.43294528e-02 ...
      7.97149464e-02 -2.66490839e-02  3.45414020e-02]
    [ 7.31732324e-02 -9.85992923e-02  2.00283844e-02 ...
      6.18279725e-02  6.05970547e-02  1.91595517e-02]
    [ 1.77514721e-02 -7.87537843e-02  4.84727025e-02 ...
      3.51108350e-02 -3.86429653e-02  2.73196376e-03]
    ...
    [ 3.96451540e-03 -6.20890893e-02 -5.65905161e-02 ...
     -4.58765812e-02 -5.35211563e-02 -3.90684186e-03]
    [-1.78881828e-02 -5.69532625e-02  2.19498649e-02 ...
     -3.53825651e-02 -4.35876995e-02  4.28813994e-02]
    [-2.12389491e-02  2.97357142e-02  1.38769476e-02 ...
     -1.66523363e-02  1.12697162e-01 -5.01825847e-02]]

   [[-3.35119031e-02  1.45557923e-02 -6.85430914e-02 ...
     -5.66085093e-02  3.16452049e-02 -8.45955126e-03]
    [ 9.92527157e-02 -2.86313612e-02  7.81419203e-02 ...
      4.89514694e-02 -1.20995387e-01  9.02994946e-02]
    [-4.78656963e-02  1.06240220e-01  4.61986884e-02 ...
     -1.63092669e-02  1.00707971e-02 -1.17026389e-01]
    ...
    [ 2.83896010e-02 -2.00322159e-02 -1.75631884e-02 ...
     -3.06791384e-02 -1.28147185e-01  3.21108848e-02]
    [ 4.17878479e-02  1.58000346e-02 -4.07771356e-02 ...
     -1.73546234e-03  7.60776699e-02 -1.04505375e-01]
    [ 1.24892583e-02 -1.21022366e-01 -1.18626349e-01 ...
     -3.73866260e-02 -1.66727379e-02  9.05539915e-02]]]]]
Flattened value shape: (576, 128)
Flattened value:
[[ 0.009411    0.00736706 -0.11375729 ... -0.02202731 -0.00951851
  -0.00413385]
 [ 0.02373738 -0.06535394 -0.0514632  ... -0.08162419 -0.12602784
  -0.00068396]
 [-0.02904523 -0.09445946 -0.01947167 ...  0.03181385 -0.00426392
  -0.01395626]
 ...
 [ 0.0283896  -0.02003222 -0.01756319 ... -0.03067914 -0.12814718
   0.03211088]
 [ 0.04178785  0.01580003 -0.04077714 ... -0.00173546  0.07607767
  -0.10450538]
 [ 0.01248926 -0.12102237 -0.11862635 ... -0.03738663 -0.01667274
   0.09055399]]