Key: conv3d_22/conv3d_22/kernel:0
Value shape: (3, 1, 1, 128, 128)
Value:
[[[[[-0.00770111 -0.02064147 -0.03539541 ... -0.04144667  0.1609559
      0.02457337]
    [ 0.06190573 -0.06356829  0.07194183 ... -0.05365067 -0.01210469
      0.05245249]
    [ 0.00994542 -0.03003988  0.11867731 ... -0.02756799 -0.01233599
      0.06395295]
    ...
    [-0.00357639 -0.05797151  0.04386357 ...  0.03539417 -0.14469114
      0.05975362]
    [ 0.07201983 -0.06049744 -0.10239424 ... -0.12431339  0.01157301
      0.02590723]
    [ 0.10360306  0.05878203 -0.06434778 ... -0.04900351 -0.08938175
      0.02071602]]]]



 [[[[-0.07545925 -0.1309693   0.10487593 ...  0.13210914  0.06950307
      0.03987646]
    [ 0.12795168  0.03593249  0.05450338 ... -0.06036057 -0.0550509
     -0.01858307]
    [ 0.05165597 -0.01993131  0.03077994 ... -0.13024807  0.13890629
      0.05257951]
    ...
    [ 0.04714494  0.00955149  0.02294811 ... -0.06921832  0.01224869
     -0.10786138]
    [ 0.07229013  0.02075897  0.07826621 ...  0.0861406   0.09211738
     -0.00709412]
    [ 0.1476015   0.00656075 -0.05721248 ...  0.00653364 -0.12883578
      0.00707558]]]]



 [[[[ 0.11653978  0.07510918 -0.12855749 ... -0.03620094  0.01357613
     -0.11905136]
    [ 0.08106422  0.09779515  0.11695002 ...  0.06391475  0.1432128
      0.01452593]
    [ 0.06063987  0.03030791 -0.07543711 ...  0.01955152 -0.02532054
      0.12009053]
    ...
    [ 0.06364144 -0.14637344 -0.06065057 ...  0.02021505  0.03986901
     -0.0023587 ]
    [ 0.09349138 -0.01453807 -0.08403199 ...  0.08499371  0.00497769
     -0.00483718]
    [ 0.07455233 -0.07476294  0.14952162 ... -0.02160345 -0.12412944
     -0.05825274]]]]]
Flattened value shape: (384, 128)
Flattened value:
[[-0.00770111 -0.02064147 -0.03539541 ... -0.04144667  0.1609559
   0.02457337]
 [ 0.06190573 -0.06356829  0.07194183 ... -0.05365067 -0.01210469
   0.05245249]
 [ 0.00994542 -0.03003988  0.11867731 ... -0.02756799 -0.01233599
   0.06395295]
 ...
 [ 0.06364144 -0.14637344 -0.06065057 ...  0.02021505  0.03986901
  -0.0023587 ]
 [ 0.09349138 -0.01453807 -0.08403199 ...  0.08499371  0.00497769
  -0.00483718]
 [ 0.07455233 -0.07476294  0.14952162 ... -0.02160345 -0.12412944
  -0.05825274]]
