Key: dense_1/dense_1/kernel:0
Value shape: (128, 128)
Value:
[[-0.01692755 -0.02184444  0.04356379 ... -0.11070801 -0.01227009
   0.09318732]
 [ 0.13243961 -0.02893829  0.01498976 ... -0.09158216 -0.01768158
  -0.13427508]
 [ 0.13495702  0.06803945 -0.1290876  ...  0.09298296  0.02351029
  -0.04936147]
 ...
 [ 0.1130152  -0.03143872  0.12629277 ...  0.0987285  -0.02516198
   0.05871017]
 [ 0.11624733 -0.04943716 -0.04824382 ... -0.05319212  0.10537554
   0.0267029 ]
 [ 0.08954956 -0.0812416   0.03932504 ... -0.03751409 -0.07298701
   0.10538461]]
Flattened value shape: (128, 128)
Flattened value:
[[-0.01692755 -0.02184444  0.04356379 ... -0.11070801 -0.01227009
   0.09318732]
 [ 0.13243961 -0.02893829  0.01498976 ... -0.09158216 -0.01768158
  -0.13427508]
 [ 0.13495702  0.06803945 -0.1290876  ...  0.09298296  0.02351029
  -0.04936147]
 ...
 [ 0.1130152  -0.03143872  0.12629277 ...  0.0987285  -0.02516198
   0.05871017]
 [ 0.11624733 -0.04943716 -0.04824382 ... -0.05319212  0.10537554
   0.0267029 ]
 [ 0.08954956 -0.0812416   0.03932504 ... -0.03751409 -0.07298701
   0.10538461]]