Key: dense_2/dense_2/kernel:0
Value shape: (128, 32)
Value:
[[ 0.04785391  0.05167731  0.00304685 ...  0.11906023 -0.16741423
  -0.09826006]
 [ 0.01538583  0.07706835 -0.07451118 ... -0.10240274  0.01550898
   0.04946511]
 [ 0.05625201  0.17668852 -0.06550628 ...  0.11126421 -0.15931596
  -0.1488111 ]
 ...
 [-0.15329628  0.01753479 -0.0397494  ... -0.14375967 -0.17407429
  -0.15094244]
 [ 0.02813823  0.22647013 -0.12534446 ...  0.14799954 -0.1437506
   0.16506504]
 [-0.01204412  0.02461476  0.16443099 ...  0.0269914   0.14514618
  -0.14106564]]
Flattened value shape: (128, 32)
Flattened value:
[[ 0.04785391  0.05167731  0.00304685 ...  0.11906023 -0.16741423
  -0.09826006]
 [ 0.01538583  0.07706835 -0.07451118 ... -0.10240274  0.01550898
   0.04946511]
 [ 0.05625201  0.17668852 -0.06550628 ...  0.11126421 -0.15931596
  -0.1488111 ]
 ...
 [-0.15329628  0.01753479 -0.0397494  ... -0.14375967 -0.17407429
  -0.15094244]
 [ 0.02813823  0.22647013 -0.12534446 ...  0.14799954 -0.1437506
   0.16506504]
 [-0.01204412  0.02461476  0.16443099 ...  0.0269914   0.14514618
  -0.14106564]]