Key: dense_2/dense_2/bias:0
Value shape: (32,)
Value:
[-0.03018476  0.12724327 -0.01863123 -0.01059605 -0.01719149 -0.02914037
 -0.04530714 -0.05752915  0.17807326 -0.10988075  0.45112064 -0.01995945
 -0.02428925  0.05878077  0.14182982  0.01403168 -0.08521001 -0.02466888
  0.01987839 -0.08378015 -0.01523515 -0.0150075   0.02594912 -0.01072677
  0.00179909  0.28908986  0.2874178   0.0240055   0.14391908 -0.03498343
 -0.01274173 -0.0097133 ]
Flattened value shape: (1, 32)
Flattened value:
[[-0.03018476  0.12724327 -0.01863123 -0.01059605 -0.01719149 -0.02914037
  -0.04530714 -0.05752915  0.17807326 -0.10988075  0.45112064 -0.01995945
  -0.02428925  0.05878077  0.14182982  0.01403168 -0.08521001 -0.02466888
   0.01987839 -0.08378015 -0.01523515 -0.0150075   0.02594912 -0.01072677
   0.00179909  0.28908986  0.2874178   0.0240055   0.14391908 -0.03498343
  -0.01274173 -0.0097133 ]]