Key: dense_3/dense_3/kernel:0
Value shape: (32, 2)
Value:
[[-0.08990121 -0.02782234]
 [ 0.31121942 -0.21629678]
 [-0.07020257 -0.06684775]
 [ 0.27546567  0.2139297 ]
 [-0.31434035  0.18145074]
 [ 0.13379583  0.25659004]
 [-0.27142948 -0.33665204]
 [-0.12260213 -0.2855956 ]
 [-0.10772754  0.28150186]
 [-0.01638709 -0.36728397]
 [-0.2797801   0.55502707]
 [ 0.34041277  0.13358125]
 [-0.12073077 -0.19974425]
 [ 0.04622375 -0.13826649]
 [-0.2936667   0.2363215 ]
 [-0.2683901  -0.32000902]
 [ 0.33937702 -0.04233072]
 [-0.38869405  0.11245625]
 [ 0.22351778  0.09000883]
 [-0.25697818 -0.3860053 ]
 [-0.10202254 -0.15698883]
 [-0.25336936 -0.25818416]
 [-0.15329677 -0.2694222 ]
 [ 0.2804798  -0.1895049 ]
 [ 0.05182224  0.07697704]
 [-0.44414112  0.10910658]
 [-0.33202544  0.2647418 ]
 [-0.3197426  -0.42754602]
 [ 0.244993   -0.11528721]
 [ 0.00264905 -0.1274493 ]
 [-0.03828485 -0.04563028]
 [-0.22916271 -0.20043133]]
Flattened value shape: (32, 2)
Flattened value:
[[-0.08990121 -0.02782234]
 [ 0.31121942 -0.21629678]
 [-0.07020257 -0.06684775]
 [ 0.27546567  0.2139297 ]
 [-0.31434035  0.18145074]
 [ 0.13379583  0.25659004]
 [-0.27142948 -0.33665204]
 [-0.12260213 -0.2855956 ]
 [-0.10772754  0.28150186]
 [-0.01638709 -0.36728397]
 [-0.2797801   0.55502707]
 [ 0.34041277  0.13358125]
 [-0.12073077 -0.19974425]
 [ 0.04622375 -0.13826649]
 [-0.2936667   0.2363215 ]
 [-0.2683901  -0.32000902]
 [ 0.33937702 -0.04233072]
 [-0.38869405  0.11245625]
 [ 0.22351778  0.09000883]
 [-0.25697818 -0.3860053 ]
 [-0.10202254 -0.15698883]
 [-0.25336936 -0.25818416]
 [-0.15329677 -0.2694222 ]
 [ 0.2804798  -0.1895049 ]
 [ 0.05182224  0.07697704]
 [-0.44414112  0.10910658]
 [-0.33202544  0.2647418 ]
 [-0.3197426  -0.42754602]
 [ 0.244993   -0.11528721]
 [ 0.00264905 -0.1274493 ]
 [-0.03828485 -0.04563028]
 [-0.22916271 -0.20043133]]
